1 0.645619 0.954545 0.069588 0.080214
1 0.576031 0.923797 0.085052 0.077540
0 0.573454 0.826203 0.079897 0.106952
0 0.600515 0.668449 0.061856 0.090909
1 0.654639 0.704545 0.061856 0.066845
1 0.713918 0.651070 0.077320 0.088235
1 0.439433 0.895722 0.064433 0.074866
0 0.485825 0.780749 0.069588 0.112299
0 0.355670 0.959893 0.092784 0.069519
0 0.248711 0.763369 0.079897 0.104278
0 0.412371 0.850267 0.061856 0.090909
1 0.404639 0.755348 0.061856 0.066845
0 0.376289 0.612299 0.113402 0.069519
0 0.351804 0.672460 0.115979 0.082888
1 0.514175 0.618984 0.079897 0.066845
1 0.492268 0.542781 0.061856 0.064171
1 0.570876 0.577540 0.064433 0.058824
1 0.530928 0.491979 0.061856 0.069519
0 0.199742 0.748663 0.074742 0.112299
0 0.193299 0.639037 0.077320 0.101604
1 0.414948 0.418449 0.092784 0.056150
1 0.356959 0.446524 0.069588 0.053476
1 0.364691 0.485294 0.079897 0.050802
1 0.510309 0.433155 0.061856 0.069519
0 0.557990 0.443850 0.079897 0.080214
1 0.445876 0.295455 0.077320 0.066845
1 0.471649 0.346257 0.087629 0.061497
0 0.699742 0.410428 0.100515 0.072193
0 0.690722 0.331551 0.077320 0.085561
1 0.501289 0.207219 0.074742 0.056150
1 0.518041 0.227273 0.061856 0.048128
0 0.280928 0.251337 0.092784 0.064171
1 0.253866 0.286096 0.054124 0.048128
0 0.215206 0.316845 0.069588 0.077540
0 0.282216 0.517380 0.079897 0.082888
1 0.262887 0.498663 0.061856 0.056150
0 0.260309 0.576203 0.072165 0.088235
1 0.184278 0.393048 0.059278 0.064171
1 0.198454 0.350267 0.041237 0.048128
1 0.356959 0.790107 0.054124 0.066845
1 0.172680 0.903743 0.046392 0.058824
0 0.190722 0.941176 0.061856 0.085561
0 0.198454 0.808824 0.041237 0.104278
0 0.231959 0.852941 0.051546 0.090909
1 0.372423 0.736631 0.059278 0.061497
0 0.384021 0.359626 0.087629 0.061497
0 0.427835 0.383690 0.067010 0.050802
1 0.579897 0.526738 0.072165 0.069519
