0 0.556701 0.605615 0.072165 0.125668
0 0.434278 0.328877 0.100515 0.058824
1 0.479381 0.260695 0.087629 0.061497
1 0.409794 0.287433 0.056701 0.050802
1 0.556701 0.378342 0.077320 0.061497
1 0.639175 0.413102 0.072165 0.056150
0 0.525773 0.132353 0.108247 0.066845
0 0.313144 0.393048 0.090206 0.085561
0 0.342784 0.330214 0.092784 0.072193
1 0.314433 0.312834 0.067010 0.058824
1 0.574742 0.272727 0.051546 0.058824
0 0.628866 0.280749 0.082474 0.074866
0 0.443299 0.446524 0.108247 0.064171
0 0.409794 0.497326 0.108247 0.064171
0 0.314433 0.577540 0.067010 0.112299
1 0.470361 0.661765 0.064433 0.077540
1 0.511598 0.705882 0.064433 0.069519
1 0.474227 0.581551 0.056701 0.061497
1 0.420103 0.602941 0.051546 0.056150
1 0.426546 0.550802 0.059278 0.042781
1 0.324742 0.088235 0.077320 0.058824
0 0.354381 0.054813 0.110825 0.061497
0 0.681701 0.497326 0.079897 0.085561
0 0.438144 0.772727 0.097938 0.085561
