1 0.413660 0.692513 0.100515 0.090909
1 0.488402 0.707219 0.069588 0.077540
1 0.539948 0.689840 0.059278 0.085561
1 0.569588 0.529412 0.077320 0.090909
1 0.641753 0.549465 0.072165 0.077540
0 0.637887 0.628342 0.059278 0.085561
0 0.569588 0.437166 0.072165 0.098930
1 0.429124 0.489305 0.074742 0.074866
0 0.342784 0.560160 0.092784 0.088235
0 0.588918 0.284759 0.074742 0.088235
1 0.551546 0.191176 0.067010 0.072193
1 0.479381 0.144385 0.067010 0.069519
1 0.565722 0.136364 0.059278 0.069519
1 0.521907 0.102941 0.069588 0.072193
0 0.547680 0.054813 0.059278 0.066845
1 0.489691 0.041444 0.061856 0.061497
1 0.395619 0.025401 0.079897 0.045455
1 0.327320 0.045455 0.072165 0.053476
1 0.337629 0.084225 0.061856 0.050802
1 0.363402 0.786096 0.061856 0.053476
0 0.426546 0.782086 0.064433 0.066845
0 0.235825 0.368984 0.064433 0.096257
0 0.176546 0.342246 0.069588 0.090909
0 0.180412 0.413102 0.046392 0.093583
0 0.211340 0.450535 0.046392 0.072193
0 0.206186 0.518717 0.061856 0.069519
0 0.176546 0.549465 0.043814 0.072193
1 0.148196 0.513369 0.043814 0.053476
0 0.277062 0.621658 0.085052 0.072193
1 0.390464 0.352941 0.054124 0.064171
0 0.331186 0.267380 0.105670 0.090909
0 0.354381 0.211230 0.105670 0.074866
1 0.396907 0.445187 0.056701 0.066845
1 0.333763 0.386364 0.048969 0.061497
1 0.354381 0.328877 0.054124 0.048128
0 0.229381 0.187166 0.077320 0.106952
0 0.502577 0.221925 0.061856 0.080214
1 0.704897 0.245989 0.069588 0.074866
0 0.246134 0.113636 0.054124 0.082888
1 0.231959 0.101604 0.061856 0.069519
1 0.582474 0.691176 0.067010 0.066845
1 0.648196 0.314171 0.074742 0.077540
