0 0.293814 0.628342 0.139175 0.106952
0 0.256443 0.692513 0.115979 0.080214
0 0.489691 0.743316 0.092784 0.069519
1 0.426546 0.736631 0.064433 0.072193
1 0.335052 0.715241 0.072165 0.066845
1 0.349227 0.778075 0.095361 0.058824
1 0.649485 0.659091 0.046392 0.061497
1 0.675258 0.618984 0.046392 0.061497
1 0.605670 0.668449 0.061856 0.074866
1 0.554124 0.668449 0.061856 0.080214
1 0.494845 0.644385 0.077320 0.074866
1 0.372423 0.577540 0.064433 0.064171
0 0.429124 0.512032 0.090206 0.088235
1 0.280928 0.542781 0.061856 0.058824
1 0.244845 0.544118 0.051546 0.056150
1 0.210052 0.542781 0.054124 0.053476
1 0.182990 0.558824 0.036082 0.042781
1 0.297680 0.429144 0.043814 0.056150
1 0.280928 0.471925 0.051546 0.056150
1 0.248711 0.442513 0.059278 0.066845
0 0.317010 0.379679 0.051546 0.074866
1 0.538660 0.449198 0.061856 0.064171
0 0.730670 0.268717 0.064433 0.104278
1 0.692010 0.157754 0.054124 0.058824
1 0.617268 0.105615 0.064433 0.077540
0 0.590206 0.347594 0.067010 0.106952
1 0.666237 0.062834 0.064433 0.056150
1 0.712629 0.117647 0.059278 0.064171
0 0.692010 0.024064 0.064433 0.042781
1 0.677835 0.413102 0.056701 0.050802
0 0.309278 0.267380 0.051546 0.085561
0 0.231959 0.312834 0.072165 0.090909
0 0.306701 0.177807 0.056701 0.082888
0 0.376289 0.124332 0.072165 0.093583
1 0.498711 0.034759 0.059278 0.053476
0 0.492268 0.168449 0.108247 0.074866
1 0.639175 0.192513 0.061856 0.069519
1 0.503866 0.398396 0.048969 0.058824
0 0.460052 0.223262 0.115979 0.077540
1 0.510309 0.316845 0.051546 0.066845
1 0.453608 0.331551 0.046392 0.058824
1 0.389175 0.044118 0.056701 0.050802
1 0.396907 0.069519 0.046392 0.042781
0 0.355670 0.310160 0.061856 0.085561
1 0.555412 0.192513 0.054124 0.042781
1 0.567010 0.228610 0.046392 0.050802
1 0.199742 0.483957 0.048969 0.058824
1 0.528351 0.808824 0.087629 0.066845
1 0.770619 0.294118 0.046392 0.053476
