1 0.403351 0.568182 0.0695876 0.0668449
1 0.48067 0.188503 0.0592784 0.0561497
1 0.494845 0.136364 0.0721649 0.0641711
1 0.756443 0.224599 0.0798969 0.0855615
1 0.454897 0.387701 0.0592784 0.0588235
1 0.377577 0.656417 0.0695876 0.0775401
0 0.376289 0.513369 0.0773196 0.0748663
1 0.510309 0.219251 0.0721649 0.0695187
1 0.485825 0.671123 0.0695876 0.0695187
1 0.569588 0.314171 0.0670103 0.0668449
1 0.493557 0.399733 0.064433 0.0614973
0 0.722938 0.554813 0.0798969 0.0935829
1 0.548969 0.100267 0.0721649 0.0721925
1 0.453608 0.322193 0.0721649 0.0614973
1 0.420103 0.358289 0.0670103 0.0641711
1 0.302835 0.377005 0.064433 0.0695187
1 0.443299 0.63369 0.0670103 0.0695187
1 0.439433 0.225936 0.0747423 0.0721925
1 0.55799 0.442513 0.064433 0.0668449
1 0.625 0.199198 0.0798969 0.0828877
1 0.438144 0.501337 0.0670103 0.0668449
0 0.67268 0.466578 0.0824742 0.0935829
1 0.585052 0.574866 0.0773196 0.0748663
1 0.510309 0.48262 0.0670103 0.0614973
