1 0.246134 0.413102 0.0747423 0.0668449
1 0.298969 0.224599 0.0618557 0.0588235
1 0.301546 0.0574866 0.0721649 0.0668449
1 0.282216 0.342246 0.064433 0.0641711
1 0.506443 0.90107 0.0850515 0.0802139
1 0.337629 0.23262 0.0618557 0.0588235
1 0.418814 0.145722 0.0798969 0.0828877
1 0.328608 0.520053 0.0695876 0.0721925
1 0.367268 0.0481283 0.0747423 0.0695187
1 0.353093 0.320856 0.0618557 0.0641711
0 0.590206 0.92246 0.113402 0.0855615
1 0.224227 0.506684 0.0721649 0.0775401
1 0.286082 0.47861 0.0670103 0.0641711
1 0.265464 0.19385 0.0670103 0.0614973
1 0.393041 0.791444 0.0850515 0.0802139
1 0.298969 0.15508 0.0721649 0.0641711
1 0.451031 0.721925 0.0824742 0.0802139
1 0.537371 0.818182 0.0798969 0.0748663
1 0.403351 0.276738 0.064433 0.0668449
1 0.490979 0.0427807 0.0850515 0.0855615
0 0.219072 0.354278 0.0824742 0.0828877
1 0.427835 0.418449 0.0721649 0.0721925
0 0.561856 0.385027 0.0876289 0.101604
0 0.512887 0.298128 0.0876289 0.0989305
