1 0.350515 0.419786 0.0618557 0.0641711
1 0.507732 0.664438 0.0670103 0.0668449
1 0.338918 0.0254011 0.0747423 0.0508021
1 0.390464 0.457219 0.064433 0.0695187
0 0.282216 0.302139 0.0747423 0.0748663
1 0.203608 0.171123 0.0670103 0.0748663
1 0.472938 0.0828877 0.0798969 0.0855615
1 0.286082 0.447861 0.0721649 0.0775401
1 0.320876 0.144385 0.0695876 0.0641711
1 0.398196 0.177807 0.064433 0.0614973
0 0.625 0.326203 0.0850515 0.0962567
1 0.358247 0.168449 0.0618557 0.0588235
1 0.358247 0.104278 0.0721649 0.0695187
1 0.344072 0.284759 0.0695876 0.0668449
0 0.578608 0.233957 0.0850515 0.0935829
1 0.490979 0.352941 0.0747423 0.0802139
1 0.414948 0.260695 0.0721649 0.0668449
1 0.466495 0.216578 0.0670103 0.0695187
