0 0.466495 0.418449 0.108247 0.120321
0 0.559278 0.22861 0.108247 0.082888
0 0.654639 0.421123 0.097938 0.088235
0 0.264175 0.612299 0.074742 0.096257
0 0.5 0.68984 0.082474 0.090909
0 0.537371 0.625668 0.074742 0.096257
0 0.619845 0.600267 0.069588 0.09893
0 0.64433 0.703209 0.072165 0.106952
0 0.516753 0.743316 0.074742 0.064171
0 0.715206 0.925134 0.085052 0.080214
0 0.811856 0.743316 0.072165 0.101604
1 0.743557 0.649733 0.064433 0.058824
1 0.728093 0.737968 0.048969 0.048128
1 0.69201 0.822193 0.064433 0.072193
1 0.712629 0.879679 0.054124 0.064171
1 0.426546 0.973262 0.069588 0.053476
1 0.363402 0.969251 0.06701 0.061497
1 0.520619 0.803476 0.056701 0.05615
1 0.533505 0.762032 0.046392 0.053476
1 0.58634 0.775401 0.054124 0.058824
1 0.407216 0.737968 0.056701 0.058824
1 0.439433 0.657754 0.048969 0.048128
0 0.601804 0.46123 0.095361 0.088235
1 0.75 0.266043 0.056701 0.066845
1 0.75 0.215241 0.061856 0.05615
0 0.313144 0.272727 0.079897 0.090909
1 0.73067 0.144385 0.059278 0.069519
1 0.654639 0.124332 0.072165 0.082888
1 0.810567 0.375668 0.079897 0.072193
1 0.277062 0.55615 0.069588 0.064171
1 0.841495 0.51738 0.064433 0.05615
