0 0.335052 0.639037 0.046392 0.117647
0 0.287371 0.700535 0.054124 0.101604
0 0.246134 0.651070 0.043814 0.077540
0 0.270619 0.622995 0.036082 0.080214
0 0.394330 0.512032 0.051546 0.104278
0 0.434278 0.589572 0.048969 0.082888
0 0.697165 0.616310 0.090206 0.088235
0 0.615979 0.545455 0.077320 0.090909
0 0.671392 0.707219 0.105670 0.077540
0 0.426546 0.327540 0.085052 0.109626
0 0.565722 0.140374 0.090206 0.050802
0 0.378866 0.036096 0.108247 0.066845
0 0.713918 0.169786 0.092784 0.120321
0 0.798969 0.220588 0.103093 0.104278
0 0.828608 0.176471 0.090206 0.106952
0 0.269330 0.025401 0.059278 0.045455
0 0.559278 0.457219 0.077320 0.128342
0 0.532216 0.731283 0.090206 0.082888
1 0.296392 0.487968 0.082474 0.072193
1 0.350515 0.168449 0.041237 0.042781
1 0.386598 0.121658 0.036082 0.045455
1 0.251289 0.101604 0.079897 0.074866
0 0.490979 0.074866 0.079897 0.058824
0 0.515464 0.102941 0.061856 0.045455
1 0.585052 0.089572 0.036082 0.034759
1 0.436856 0.100267 0.033505 0.040107
0 0.563144 0.306150 0.069588 0.056150
0 0.565722 0.347594 0.033505 0.037433
0 0.601804 0.342246 0.043814 0.048128
0 0.742268 0.267380 0.041237 0.053476
1 0.793814 0.668449 0.056701 0.053476
1 0.572165 0.815508 0.041237 0.048128
1 0.534794 0.843583 0.038660 0.045455
1 0.331186 0.851604 0.038660 0.045455
1 0.320876 0.806150 0.064433 0.061497
1 0.359536 0.723262 0.028351 0.034759
1 0.407216 0.774064 0.030928 0.029412
1 0.445876 0.778075 0.030928 0.032086
1 0.376289 0.770053 0.030928 0.048128
1 0.430412 0.715241 0.036082 0.045455
0 0.393041 0.696524 0.043814 0.040107
1 0.636598 0.770053 0.030928 0.037433
1 0.585052 0.720588 0.036082 0.034759
1 0.675258 0.780749 0.030928 0.026738
1 0.801546 0.751337 0.051546 0.042781
1 0.765464 0.804813 0.025773 0.042781
1 0.791237 0.810160 0.030928 0.037433
0 0.779639 0.863636 0.100515 0.069519
1 0.639175 0.826203 0.061856 0.053476
1 0.698454 0.867647 0.030928 0.034759
1 0.722938 0.874332 0.028351 0.032086
1 0.682990 0.881016 0.025773 0.029412
1 0.713918 0.883690 0.025773 0.029412
1 0.621134 0.882353 0.067010 0.058824
1 0.329897 0.901070 0.061856 0.058824
1 0.472938 0.875668 0.064433 0.061497
1 0.417526 0.930481 0.030928 0.032086
1 0.485825 0.919786 0.033505 0.042781
1 0.411082 0.977273 0.028351 0.034759
1 0.457474 0.969251 0.038660 0.045455
1 0.663660 0.954545 0.079897 0.069519
1 0.849227 0.831551 0.018041 0.021390
1 0.863402 0.834225 0.020619 0.026738
1 0.854381 0.806150 0.023196 0.029412
1 0.854381 0.787433 0.023196 0.029412
1 0.856959 0.750000 0.023196 0.029412
1 0.876289 0.758021 0.025773 0.024064
1 0.854381 0.672460 0.033505 0.040107
1 0.818299 0.640374 0.038660 0.056150
1 0.884021 0.625668 0.020619 0.032086
1 0.905928 0.637701 0.033505 0.034759
0 0.481959 0.479947 0.051546 0.098930
0 0.646907 0.433155 0.072165 0.080214
1 0.603093 0.414439 0.025773 0.026738
