1 0.670103 0.868984 0.108247 0.090909
1 0.539948 0.914439 0.095361 0.080214
1 0.542526 0.963904 0.090206 0.072193
1 0.444588 0.954545 0.079897 0.085561
1 0.317010 0.949198 0.087629 0.080214
1 0.626289 0.717914 0.087629 0.093583
0 0.427835 0.399733 0.118557 0.088235
0 0.518041 0.358289 0.092784 0.080214
0 0.609536 0.324866 0.100515 0.104278
0 0.516753 0.232620 0.115979 0.090909
0 0.414948 0.168449 0.103093 0.085561
1 0.317010 0.135027 0.077320 0.045455
1 0.260309 0.204545 0.072165 0.061497
0 0.467784 0.676471 0.079897 0.085561
0 0.414948 0.621658 0.077320 0.088235
0 0.458763 0.756684 0.082474 0.074866
0 0.238402 0.581551 0.079897 0.098930
0 0.270619 0.675134 0.067010 0.088235
0 0.319588 0.717914 0.082474 0.082888
1 0.336340 0.402406 0.069588 0.093583
0 0.407216 0.483957 0.113402 0.080214
