0 0.550258 0.195187 0.115979 0.090909
0 0.650773 0.287433 0.090206 0.082888
0 0.475515 0.348930 0.105670 0.088235
0 0.572165 0.318182 0.087629 0.085561
0 0.456186 0.133690 0.118557 0.069519
0 0.445876 0.441176 0.087629 0.090909
0 0.279639 0.529412 0.074742 0.096257
0 0.319588 0.617647 0.072165 0.090909
0 0.375000 0.693850 0.079897 0.088235
1 0.579897 0.851604 0.087629 0.082888
1 0.711340 0.820856 0.082474 0.085561
1 0.682990 0.672460 0.087629 0.088235
0 0.462629 0.572193 0.074742 0.096257
0 0.515464 0.632353 0.067010 0.082888
0 0.510309 0.697861 0.097938 0.096257
1 0.489691 0.895722 0.087629 0.090909
1 0.360825 0.885027 0.082474 0.090909
1 0.252577 0.771390 0.061856 0.050802
1 0.240979 0.705882 0.064433 0.074866
1 0.457474 0.962567 0.079897 0.064171
1 0.591495 0.915775 0.085052 0.061497
1 0.378866 0.953209 0.072165 0.066845
0 0.679124 0.974599 0.115979 0.050802
1 0.387887 0.360963 0.059278 0.069519
0 0.360825 0.467914 0.061856 0.074866
0 0.364691 0.528075 0.069588 0.066845
