0 0.452320 0.729947 0.095361 0.128342
0 0.467784 0.633690 0.100515 0.133690
0 0.534794 0.536096 0.121134 0.120321
0 0.692010 0.509358 0.110825 0.125668
0 0.783505 0.557487 0.077320 0.125668
1 0.545103 0.855615 0.085052 0.085561
1 0.344072 0.919786 0.085052 0.074866
1 0.313144 0.967914 0.095361 0.064171
1 0.176546 0.918449 0.085052 0.082888
1 0.247423 0.894385 0.077320 0.077540
1 0.123711 0.859626 0.077320 0.077540
1 0.154639 0.800802 0.072165 0.082888
0 0.296392 0.647059 0.082474 0.090909
0 0.304124 0.581551 0.072165 0.082888
0 0.190722 0.508021 0.061856 0.074866
0 0.731959 0.306150 0.082474 0.093583
0 0.762887 0.413102 0.087629 0.098930
1 0.684278 0.211230 0.085052 0.080214
1 0.539948 0.430481 0.074742 0.069519
0 0.341495 0.486631 0.105670 0.112299
0 0.583763 0.236631 0.126289 0.098930
