0 0.541237 0.614973 0.123711 0.117647
1 0.448454 0.533422 0.118557 0.098930
1 0.340206 0.505348 0.097938 0.090909
1 0.317010 0.577540 0.092784 0.085561
1 0.212629 0.598930 0.079897 0.080214
1 0.242268 0.560160 0.082474 0.077540
1 0.228093 0.493316 0.095361 0.098930
1 0.439433 0.477273 0.090206 0.088235
1 0.569588 0.443850 0.103093 0.090909
1 0.130155 0.354278 0.064433 0.061497
0 0.113402 0.298128 0.077320 0.088235
1 0.555412 0.299465 0.064433 0.064171
0 0.400773 0.247326 0.085052 0.093583
0 0.345361 0.175134 0.077320 0.109626
0 0.252577 0.299465 0.082474 0.090909
0 0.207474 0.224599 0.074742 0.096257
0 0.177835 0.125668 0.082474 0.117647
0 0.338918 0.045455 0.090206 0.085561
