0 0.231959 0.44385 0.108247 0.112299
0 0.315722 0.268717 0.095361 0.09893
1 0.378866 0.291444 0.06701 0.064171
1 0.395619 0.15508 0.074742 0.069519
1 0.472938 0.156417 0.074742 0.082888
1 0.57732 0.375668 0.108247 0.088235
0 0.634021 0.729947 0.072165 0.106952
0 0.44201 0.708556 0.079897 0.117647
1 0.199742 0.759358 0.074742 0.074866
1 0.219072 0.677807 0.072165 0.082888
0 0.289948 0.707219 0.064433 0.09893
0 0.425258 0.44385 0.092784 0.085561
0 0.371134 0.483957 0.103093 0.074866
0 0.409794 0.605615 0.06701 0.088235
1 0.514175 0.700535 0.054124 0.053476
1 0.502577 0.748663 0.041237 0.048128
0 0.534794 0.740642 0.054124 0.085561
1 0.539948 0.647059 0.064433 0.058824
0 0.585052 0.745989 0.056701 0.096257
1 0.518041 0.832888 0.061856 0.061497
1 0.627577 0.840909 0.059278 0.061497
1 0.68299 0.73262 0.06701 0.058824
0 0.643041 0.548128 0.085052 0.053476
1 0.625 0.505348 0.048969 0.048128
1 0.507732 0.235294 0.06701 0.042781
1 0.515464 0.274064 0.06701 0.045455
0 0.560567 0.955882 0.090206 0.066845
0 0.550258 0.911765 0.069588 0.058824
1 0.539948 0.862299 0.043814 0.045455
0 0.703608 0.953209 0.082474 0.072193
0 0.645619 0.970588 0.054124 0.058824
1 0.631443 0.937166 0.056701 0.05615
1 0.685567 0.915775 0.051546 0.050802
1 0.755155 0.663102 0.061856 0.058824
1 0.768041 0.708556 0.041237 0.053476
0 0.309278 0.762032 0.056701 0.074866
1 0.324742 0.80615 0.046392 0.05615
1 0.338918 0.774064 0.048969 0.050802
1 0.393041 0.790107 0.064433 0.07754
0 0.331186 0.664439 0.069588 0.082888
0 0.342784 0.565508 0.056701 0.088235
0 0.359536 0.601604 0.059278 0.096257
0 0.686856 0.350267 0.085052 0.080214
