0 0.503866 0.549465 0.043814 0.104278
0 0.652062 0.245989 0.077320 0.069519
0 0.707474 0.153743 0.090206 0.077540
1 0.292526 0.382353 0.074742 0.080214
1 0.333763 0.228610 0.100515 0.082888
1 0.396907 0.149733 0.061856 0.064171
1 0.578608 0.129679 0.064433 0.056150
1 0.619845 0.065508 0.079897 0.072193
1 0.547680 0.394385 0.074742 0.066845
1 0.574742 0.195187 0.061856 0.069519
1 0.471649 0.302139 0.097938 0.080214
1 0.458763 0.383690 0.077320 0.072193
0 0.726804 0.332888 0.077320 0.077540
0 0.626289 0.354278 0.067010 0.072193
1 0.400773 0.644385 0.069588 0.074866
1 0.337629 0.704545 0.061856 0.066845
1 0.319588 0.754011 0.046392 0.058824
1 0.430412 0.790107 0.041237 0.045455
0 0.657216 0.834225 0.067010 0.074866
0 0.751289 0.578877 0.048969 0.093583
0 0.532216 0.748663 0.054124 0.058824
1 0.465206 0.636364 0.048969 0.058824
1 0.386598 0.893048 0.072165 0.069519
1 0.449742 0.891711 0.048969 0.050802
1 0.376289 0.725936 0.056701 0.056150
1 0.280928 0.490642 0.077320 0.088235
1 0.613402 0.782086 0.041237 0.056150
1 0.479381 0.807487 0.041237 0.042781
1 0.614691 0.422460 0.074742 0.058824
1 0.722938 0.787433 0.043814 0.056150
1 0.726804 0.711230 0.072165 0.085561
1 0.750000 0.755348 0.046392 0.056150
