1 0.520619 0.620321 0.077320 0.080214
0 0.567010 0.594920 0.087629 0.061497
0 0.654639 0.401070 0.072165 0.074866
0 0.501289 0.826203 0.059278 0.101604
1 0.345361 0.381016 0.087629 0.088235
1 0.412371 0.549465 0.077320 0.077540
1 0.398196 0.622995 0.074742 0.064171
1 0.364691 0.747326 0.074742 0.082888
1 0.518041 0.445187 0.072165 0.066845
1 0.564433 0.304813 0.077320 0.074866
1 0.536082 0.367647 0.072165 0.061497
1 0.601804 0.350267 0.054124 0.037433
0 0.664948 0.561497 0.072165 0.080214
0 0.661082 0.494652 0.074742 0.064171
0 0.590206 0.481283 0.072165 0.074866
1 0.462629 0.770053 0.064433 0.064171
1 0.570876 0.673797 0.079897 0.090909
1 0.427835 0.898396 0.087629 0.090909
0 0.716495 0.819519 0.097938 0.114973
