0 0.210052 0.052139 0.074742 0.066845
0 0.293814 0.026738 0.087629 0.048128
0 0.484536 0.026738 0.072165 0.048128
0 0.140464 0.327540 0.074742 0.077540
1 0.091495 0.486631 0.074742 0.074866
1 0.385309 0.080214 0.048969 0.042781
1 0.449742 0.082888 0.054124 0.048128
1 0.561856 0.044118 0.056701 0.050802
1 0.398196 0.239305 0.064433 0.066845
1 0.261598 0.423797 0.074742 0.066845
1 0.152062 0.703209 0.051546 0.058824
1 0.077320 0.600267 0.077320 0.082888
0 0.409794 0.485294 0.072165 0.077540
1 0.372423 0.334225 0.064433 0.064171
1 0.479381 0.243316 0.067010 0.069519
1 0.510309 0.859626 0.077320 0.082888
1 0.172680 0.848930 0.046392 0.050802
1 0.265464 0.942513 0.051546 0.045455
1 0.224227 0.909091 0.072165 0.069519
1 0.212629 0.957219 0.048969 0.048128
1 0.260309 0.768717 0.067010 0.061497
1 0.314433 0.911765 0.061856 0.058824
1 0.395619 0.921123 0.064433 0.066845
0 0.444588 0.970588 0.064433 0.058824
0 0.512887 0.939840 0.046392 0.061497
1 0.614691 0.967914 0.069588 0.064171
1 0.182990 0.771390 0.056701 0.072193
1 0.206186 0.612299 0.046392 0.053476
0 0.453608 0.379679 0.067010 0.064171
0 0.529639 0.405080 0.100515 0.104278
1 0.251289 0.502674 0.048969 0.048128
0 0.550258 0.725936 0.079897 0.109626
