1 0.573454 0.795455 0.100515 0.104278
0 0.586340 0.660428 0.059278 0.064171
1 0.676546 0.733957 0.069588 0.077540
1 0.171392 0.870321 0.038660 0.040107
1 0.185567 0.812834 0.061856 0.069519
1 0.454897 0.874332 0.069588 0.080214
1 0.297680 0.727273 0.059278 0.053476
1 0.230670 0.750000 0.048969 0.056150
1 0.186856 0.684492 0.048969 0.053476
1 0.108247 0.593583 0.072165 0.085561
1 0.253866 0.394385 0.090206 0.077540
1 0.112113 0.482620 0.074742 0.072193
1 0.097938 0.764706 0.072165 0.064171
1 0.278351 0.895722 0.072165 0.069519
1 0.337629 0.914439 0.051546 0.064171
1 0.261598 0.925134 0.074742 0.053476
1 0.363402 0.958556 0.087629 0.072193
0 0.502577 0.925134 0.067010 0.058824
0 0.456186 0.971925 0.061856 0.056150
0 0.386598 0.848930 0.056701 0.056150
0 0.199742 0.906417 0.048969 0.042781
0 0.193299 0.951872 0.056701 0.058824
0 0.463918 0.323529 0.056701 0.064171
0 0.536082 0.339572 0.067010 0.069519
0 0.538660 0.398396 0.097938 0.074866
0 0.529639 0.471925 0.090206 0.093583
0 0.442010 0.435829 0.064433 0.064171
0 0.329897 0.631016 0.072165 0.101604
1 0.353093 0.045455 0.092784 0.064171
1 0.438144 0.042781 0.082474 0.074866
0 0.180412 0.044118 0.087629 0.082888
1 0.208763 0.219251 0.087629 0.096257
1 0.148196 0.310160 0.090206 0.101604
1 0.394330 0.205882 0.103093 0.080214
1 0.478093 0.188503 0.054124 0.045455
1 0.375000 0.290107 0.043814 0.050802
0 0.532216 0.236631 0.074742 0.061497
1 0.270619 0.469251 0.072165 0.061497
1 0.226804 0.574866 0.082474 0.074866
1 0.659794 0.901070 0.087629 0.074866
1 0.567010 0.868984 0.061856 0.058824
1 0.564433 0.970588 0.077320 0.058824
0 0.698454 0.826203 0.087629 0.085561
1 0.368557 0.471925 0.082474 0.109626
1 0.359536 0.860963 0.064433 0.074866
