0 0.460052 0.160428 0.085052 0.080214
0 0.587629 0.411765 0.067010 0.090909
0 0.465206 0.649733 0.079897 0.069519
0 0.502577 0.054813 0.072165 0.061497
0 0.573454 0.147059 0.069588 0.085561
0 0.351804 0.566845 0.038660 0.053476
1 0.234536 0.589572 0.061856 0.061497
1 0.199742 0.525401 0.038660 0.040107
1 0.216495 0.457219 0.051546 0.069519
1 0.127577 0.574866 0.064433 0.053476
1 0.155928 0.506684 0.054124 0.061497
1 0.302835 0.114973 0.074742 0.069519
1 0.305412 0.180481 0.043814 0.045455
1 0.175258 0.395722 0.067010 0.069519
1 0.117268 0.291444 0.069588 0.090909
1 0.127577 0.184492 0.079897 0.074866
1 0.195876 0.034759 0.077320 0.064171
1 0.333763 0.581551 0.059278 0.061497
1 0.542526 0.536096 0.079897 0.104278
1 0.381443 0.196524 0.067010 0.066845
1 0.460052 0.229947 0.079897 0.074866
1 0.295103 0.622995 0.043814 0.048128
1 0.497423 0.708556 0.092784 0.080214
0 0.568299 0.082888 0.069588 0.069519
1 0.432990 0.024064 0.067010 0.042781
0 0.333763 0.344920 0.090206 0.117647
1 0.288660 0.447861 0.056701 0.061497
1 0.652062 0.479947 0.082474 0.066845
0 0.676546 0.593583 0.064433 0.069519
0 0.483247 0.314171 0.069588 0.104278
