1 0.509021 0.721925 0.079897 0.080214
1 0.560567 0.766043 0.064433 0.077540
1 0.512887 0.828877 0.067010 0.074866
1 0.601804 0.772727 0.069588 0.090909
1 0.551546 0.576203 0.077320 0.066845
1 0.596649 0.636364 0.069588 0.069519
1 0.422680 0.655080 0.077320 0.096257
1 0.640464 0.565508 0.074742 0.082888
1 0.690722 0.516043 0.067010 0.074866
1 0.748711 0.553476 0.064433 0.074866
1 0.809278 0.426471 0.077320 0.077540
1 0.466495 0.453209 0.072165 0.082888
1 0.492268 0.320856 0.077320 0.074866
1 0.414948 0.233957 0.067010 0.077540
1 0.393041 0.294118 0.064433 0.074866
0 0.886598 0.298128 0.108247 0.109626
0 0.939433 0.382353 0.100515 0.106952
0 0.603093 0.427807 0.103093 0.101604
1 0.597938 0.137701 0.082474 0.082888
1 0.534794 0.092246 0.095361 0.088235
1 0.435567 0.056150 0.087629 0.080214
1 0.630155 0.036096 0.090206 0.066845
1 0.770619 0.054813 0.082474 0.088235
0 0.614691 0.225936 0.100515 0.072193
1 0.588918 0.267380 0.079897 0.069519
1 0.759021 0.304813 0.059278 0.064171
1 0.747423 0.177807 0.072165 0.082888
1 0.690722 0.280749 0.051546 0.053476
1 0.652062 0.282086 0.051546 0.066845
1 0.715206 0.352941 0.069588 0.074866
1 0.667526 0.402406 0.077320 0.082888
1 0.376289 0.385027 0.051546 0.053476
1 0.386598 0.437166 0.077320 0.072193
1 0.840206 0.836898 0.092784 0.085561
1 0.895619 0.739305 0.069588 0.088235
1 0.716495 0.889037 0.077320 0.077540
1 0.590206 0.897059 0.082474 0.066845
