1 0.412371 0.386364 0.097938 0.098930
1 0.645619 0.364973 0.105670 0.109626
1 0.591495 0.403743 0.085052 0.090909
1 0.725515 0.442513 0.090206 0.114973
1 0.569588 0.217914 0.092784 0.093583
1 0.443299 0.898396 0.077320 0.085561
1 0.483247 0.962567 0.085052 0.069519
1 0.365979 0.762032 0.072165 0.090909
1 0.297680 0.939840 0.069588 0.072193
0 0.817010 0.692513 0.082474 0.101604
0 0.872423 0.759358 0.079897 0.090909
1 0.528351 0.903743 0.087629 0.080214
1 0.649485 0.915775 0.061856 0.061497
1 0.599227 0.883690 0.074742 0.066845
0 0.520619 0.783422 0.077320 0.085561
1 0.427835 0.649733 0.077320 0.080214
1 0.287371 0.681818 0.064433 0.069519
1 0.297680 0.739305 0.069588 0.072193
1 0.332474 0.606952 0.072165 0.074866
1 0.372423 0.546791 0.079897 0.082888
1 0.484536 0.442513 0.072165 0.082888
1 0.563144 0.640374 0.074742 0.061497
1 0.742268 0.815508 0.072165 0.064171
1 0.654639 0.744652 0.072165 0.066845
1 0.594072 0.774064 0.069588 0.072193
1 0.713918 0.701872 0.077320 0.082888
1 0.716495 0.574866 0.067010 0.074866
1 0.715206 0.233957 0.059278 0.072193
1 0.667526 0.213904 0.056701 0.085561
1 0.440722 0.315508 0.087629 0.080214
1 0.462629 0.339572 0.079897 0.069519
1 0.631443 0.501337 0.082474 0.088235
1 0.586340 0.475936 0.090206 0.074866
1 0.630155 0.672460 0.074742 0.077540
