0 0.764175 0.467914 0.085052 0.090909
0 0.679124 0.196524 0.090206 0.082888
0 0.707474 0.129679 0.064433 0.061497
0 0.668814 0.266043 0.059278 0.056150
1 0.292526 0.622995 0.054124 0.032086
1 0.363402 0.676471 0.056701 0.053476
0 0.293814 0.673797 0.056701 0.053476
1 0.373711 0.505348 0.041237 0.042781
1 0.350515 0.597594 0.036082 0.034759
1 0.381443 0.542781 0.041237 0.032086
1 0.394330 0.439840 0.056701 0.061497
1 0.451031 0.425134 0.067010 0.074866
1 0.606959 0.755348 0.085052 0.061497
1 0.594072 0.685829 0.074742 0.061497
1 0.429124 0.649733 0.043814 0.048128
1 0.489691 0.640374 0.072165 0.077540
1 0.514175 0.368984 0.085052 0.080214
1 0.657216 0.080214 0.046392 0.042781
1 0.425258 0.029412 0.061856 0.042781
1 0.354381 0.025401 0.043814 0.040107
0 0.425258 0.110963 0.072165 0.093583
0 0.350515 0.139037 0.087629 0.106952
1 0.436856 0.268717 0.100515 0.082888
0 0.261598 0.300802 0.085052 0.109626
1 0.587629 0.335561 0.036082 0.056150
1 0.730670 0.391711 0.079897 0.082888
1 0.559278 0.030749 0.056701 0.050802
1 0.661082 0.029412 0.059278 0.048128
0 0.606959 0.556150 0.074742 0.074866
1 0.506443 0.786096 0.074742 0.064171
1 0.594072 0.617647 0.069588 0.048128
