1 0.457474 0.335561 0.043814 0.045455
1 0.391753 0.318182 0.051546 0.058824
1 0.421392 0.204545 0.090206 0.098930
1 0.438144 0.090909 0.072165 0.058824
1 0.356959 0.155080 0.043814 0.042781
1 0.386598 0.125668 0.036082 0.042781
1 0.605670 0.133690 0.087629 0.096257
1 0.527062 0.054813 0.079897 0.072193
1 0.509021 0.287433 0.074742 0.072193
0 0.617268 0.240642 0.100515 0.085561
1 0.688144 0.254011 0.056701 0.058824
1 0.583763 0.352941 0.064433 0.064171
1 0.368557 0.429144 0.046392 0.045455
1 0.333763 0.463904 0.048969 0.034759
1 0.304124 0.501337 0.072165 0.061497
1 0.692010 0.374332 0.048969 0.048128
1 0.644330 0.429144 0.082474 0.050802
0 0.694588 0.463904 0.043814 0.056150
1 0.708763 0.302139 0.077320 0.053476
1 0.488402 0.669786 0.043814 0.066845
1 0.555412 0.651070 0.079897 0.098930
1 0.643041 0.627005 0.074742 0.082888
0 0.667526 0.533422 0.077320 0.066845
1 0.342784 0.812834 0.041237 0.053476
1 0.365979 0.748663 0.051546 0.074866
1 0.570876 0.854278 0.079897 0.082888
1 0.466495 0.565508 0.082474 0.066845
1 0.449742 0.613636 0.064433 0.056150
0 0.426546 0.422460 0.069588 0.069519
1 0.293814 0.733957 0.051546 0.050802
1 0.423969 0.736631 0.064433 0.082888
1 0.721649 0.733957 0.087629 0.093583
1 0.692010 0.617647 0.085052 0.074866
1 0.634021 0.343583 0.061856 0.066845
