0 0.588918 0.181818 0.085052 0.069519
1 0.359536 0.247326 0.074742 0.072193
1 0.434278 0.256684 0.048969 0.042781
1 0.488402 0.224599 0.054124 0.053476
1 0.386598 0.140374 0.087629 0.082888
1 0.673969 0.177807 0.059278 0.066845
1 0.603093 0.564171 0.056701 0.069519
1 0.449742 0.592246 0.064433 0.066845
1 0.363402 0.522727 0.113402 0.131016
1 0.288660 0.715241 0.036082 0.061497
1 0.326031 0.652406 0.043814 0.053476
1 0.337629 0.346257 0.046392 0.045455
1 0.572165 0.284759 0.041237 0.050802
1 0.524485 0.584225 0.074742 0.077540
1 0.643041 0.356952 0.064433 0.056150
1 0.671392 0.303476 0.048969 0.050802
1 0.527062 0.787433 0.064433 0.066845
0 0.694588 0.736631 0.069588 0.088235
1 0.680412 0.665775 0.072165 0.074866
0 0.636598 0.469251 0.118557 0.082888
0 0.672680 0.403743 0.056701 0.048128
1 0.287371 0.756684 0.085052 0.053476
0 0.404639 0.338235 0.046392 0.061497
1 0.682990 0.219251 0.067010 0.064171
1 0.609536 0.275401 0.043814 0.042781
1 0.565722 0.062834 0.074742 0.072193
1 0.377577 0.639037 0.074742 0.085561
1 0.659794 0.548128 0.056701 0.053476
1 0.314433 0.354278 0.103093 0.098930
1 0.271907 0.418449 0.054124 0.066845
1 0.739691 0.280749 0.082474 0.074866
