0 0.782216 0.279412 0.090206 0.093583
1 0.542526 0.315508 0.043814 0.053476
1 0.539948 0.514706 0.048969 0.077540
1 0.632732 0.320856 0.038660 0.058824
1 0.711340 0.342246 0.041237 0.048128
1 0.752577 0.346257 0.041237 0.056150
1 0.381443 0.526738 0.051546 0.058824
1 0.327320 0.494652 0.061856 0.058824
1 0.255155 0.500000 0.061856 0.058824
1 0.460052 0.627005 0.059278 0.045455
1 0.436856 0.695187 0.059278 0.064171
1 0.333763 0.402406 0.064433 0.061497
1 0.328608 0.651070 0.054124 0.066845
1 0.354381 0.703209 0.064433 0.058824
1 0.345361 0.360963 0.067010 0.053476
1 0.421392 0.315508 0.043814 0.048128
1 0.720361 0.478610 0.069588 0.074866
0 0.712629 0.558824 0.090206 0.074866
1 0.829897 0.508021 0.077320 0.080214
0 0.832474 0.229947 0.061856 0.053476
1 0.503866 0.200535 0.079897 0.080214
1 0.487113 0.552139 0.051546 0.056150
1 0.390464 0.279412 0.069588 0.072193
0 0.622423 0.058824 0.090206 0.074866
1 0.788660 0.125668 0.051546 0.058824
1 0.850515 0.089572 0.046392 0.040107
1 0.632732 0.471925 0.074742 0.082888
1 0.873711 0.294118 0.056701 0.058824
1 0.408505 0.132353 0.059278 0.061497
1 0.542526 0.045455 0.064433 0.058824
1 0.859536 0.032086 0.069588 0.058824
1 0.671392 0.647059 0.069588 0.080214
1 0.414948 0.766043 0.036082 0.034759
1 0.460052 0.792781 0.048969 0.056150
1 0.384021 0.775401 0.077320 0.074866
1 0.876289 0.151070 0.056701 0.050802
1 0.625000 0.520053 0.059278 0.056150
1 0.469072 0.332888 0.061856 0.061497
1 0.925258 0.033422 0.061856 0.050802
1 0.827320 0.176471 0.036082 0.037433
1 0.917526 0.078877 0.061856 0.056150
