0 0.735825 0.276738 0.085052 0.088235
0 0.237113 0.082888 0.072165 0.080214
1 0.390464 0.439840 0.043814 0.034759
1 0.335052 0.300802 0.072165 0.061497
1 0.302835 0.385027 0.054124 0.069519
1 0.346649 0.346257 0.059278 0.066845
1 0.445876 0.574866 0.067010 0.058824
1 0.576031 0.554813 0.069588 0.066845
1 0.443299 0.443850 0.046392 0.048128
1 0.559278 0.479947 0.072165 0.061497
1 0.327320 0.467914 0.046392 0.037433
1 0.547680 0.402406 0.079897 0.061497
1 0.577320 0.342246 0.072165 0.074866
1 0.493557 0.593583 0.069588 0.069519
1 0.360825 0.235294 0.077320 0.069519
1 0.378866 0.093583 0.087629 0.090909
1 0.471649 0.160428 0.056701 0.064171
1 0.547680 0.118984 0.079897 0.077540
1 0.625000 0.110963 0.069588 0.072193
1 0.671392 0.084225 0.064433 0.061497
1 0.717784 0.223262 0.048969 0.045455
1 0.819588 0.172460 0.067010 0.072193
1 0.752577 0.377005 0.077320 0.064171
1 0.573454 0.635027 0.074742 0.072193
1 0.725515 0.434492 0.054124 0.050802
1 0.689433 0.451872 0.064433 0.053476
1 0.422680 0.211230 0.077320 0.090909
