0 0.319588 0.479947 0.061856 0.109626
0 0.304124 0.570856 0.087629 0.093583
0 0.364691 0.475936 0.074742 0.085561
0 0.377577 0.522727 0.085052 0.077540
0 0.640464 0.398396 0.090206 0.106952
0 0.332474 0.606952 0.067010 0.074866
1 0.353093 0.877005 0.082474 0.080214
1 0.545103 0.827540 0.059278 0.066845
1 0.594072 0.868984 0.054124 0.064171
0 0.614691 0.796791 0.079897 0.096257
1 0.716495 0.578877 0.051546 0.077540
1 0.426546 0.712567 0.059278 0.066845
1 0.377577 0.782086 0.064433 0.061497
1 0.467784 0.740642 0.069588 0.080214
0 0.560567 0.657754 0.079897 0.112299
1 0.480670 0.343583 0.064433 0.066845
1 0.439433 0.397059 0.079897 0.072193
1 0.536082 0.306150 0.056701 0.066845
1 0.744845 0.541444 0.051546 0.061497
1 0.365979 0.278075 0.067010 0.085561
1 0.466495 0.224599 0.077320 0.069519
1 0.519330 0.251337 0.079897 0.074866
1 0.662371 0.176471 0.092784 0.090909
0 0.569588 0.510695 0.082474 0.112299
1 0.637887 0.604278 0.043814 0.048128
1 0.630155 0.640374 0.048969 0.050802
1 0.335052 0.672460 0.056701 0.061497
0 0.494845 0.475936 0.087629 0.080214
0 0.488402 0.525401 0.100515 0.088235
0 0.451031 0.625668 0.077320 0.085561
