0 0.408505 0.409091 0.059278 0.106952
0 0.395619 0.494652 0.069588 0.080214
1 0.318299 0.292781 0.079897 0.082888
1 0.438144 0.205882 0.072165 0.074866
1 0.516753 0.159091 0.074742 0.061497
1 0.608247 0.185829 0.077320 0.066845
1 0.615979 0.220588 0.082474 0.072193
0 0.707474 0.295455 0.085052 0.088235
1 0.434278 0.596257 0.064433 0.074866
1 0.523196 0.628342 0.056701 0.069519
0 0.552835 0.669786 0.090206 0.066845
0 0.648196 0.589572 0.059278 0.082888
1 0.346649 0.743316 0.064433 0.064171
1 0.369845 0.687166 0.069588 0.058824
1 0.483247 0.700535 0.079897 0.069519
1 0.306701 0.605615 0.072165 0.077540
0 0.359536 0.855615 0.115979 0.085561
0 0.658505 0.437166 0.079897 0.098930
0 0.706186 0.728610 0.077320 0.077540
1 0.632732 0.750000 0.064433 0.072193
1 0.555412 0.259358 0.079897 0.080214
1 0.577320 0.835561 0.067010 0.072193
1 0.427835 0.795455 0.077320 0.072193
1 0.323454 0.430481 0.069588 0.080214
0 0.542526 0.544118 0.064433 0.082888
0 0.460052 0.375668 0.085052 0.120321
0 0.478093 0.427807 0.069588 0.090909
0 0.586340 0.395722 0.069588 0.069519
0 0.576031 0.447861 0.090206 0.077540
1 0.322165 0.664439 0.061856 0.061497
1 0.360825 0.653743 0.051546 0.061497
