0 0.462629 0.510695 0.074742 0.117647
0 0.670103 0.578877 0.092784 0.104278
0 0.648196 0.713904 0.074742 0.106952
0 0.396907 0.624332 0.077320 0.093583
0 0.417526 0.540107 0.087629 0.090909
0 0.444588 0.600267 0.048969 0.072193
0 0.484536 0.576203 0.077320 0.066845
0 0.604381 0.548128 0.085052 0.085561
0 0.737113 0.451872 0.072165 0.096257
1 0.582474 0.410428 0.082474 0.072193
1 0.645619 0.374332 0.069588 0.074866
1 0.470361 0.338235 0.085052 0.098930
1 0.548969 0.288770 0.072165 0.085561
1 0.467784 0.839572 0.074742 0.074866
1 0.521907 0.772727 0.064433 0.080214
1 0.430412 0.927807 0.103093 0.074866
1 0.635309 0.883690 0.064433 0.061497
0 0.707474 0.862299 0.079897 0.082888
1 0.542526 0.819519 0.090206 0.077540
1 0.430412 0.731283 0.067010 0.072193
0 0.418814 0.676471 0.064433 0.064171
1 0.613402 0.314171 0.061856 0.056150
0 0.344072 0.878342 0.105670 0.082888
1 0.298969 0.739305 0.082474 0.088235
1 0.340206 0.403743 0.097938 0.096257
1 0.761598 0.699198 0.048969 0.072193
0 0.362113 0.544118 0.079897 0.098930
1 0.333763 0.550802 0.059278 0.058824
0 0.539948 0.683155 0.079897 0.088235
