0 0.310567 0.542781 0.064433 0.112299
0 0.332474 0.498663 0.077320 0.082888
0 0.356959 0.585561 0.074742 0.090909
0 0.389175 0.528075 0.082474 0.098930
0 0.490979 0.581551 0.069588 0.120321
0 0.592784 0.574866 0.067010 0.101604
0 0.541237 0.314171 0.097938 0.088235
1 0.250000 0.340909 0.061856 0.061497
1 0.353093 0.811497 0.061856 0.050802
1 0.500000 0.767380 0.077320 0.074866
1 0.411082 0.697861 0.054124 0.053476
1 0.507732 0.683155 0.056701 0.056150
1 0.375000 0.342246 0.059278 0.058824
1 0.369845 0.410428 0.054124 0.056150
0 0.539948 0.441176 0.085052 0.085561
0 0.711340 0.684492 0.061856 0.096257
1 0.655928 0.736631 0.048969 0.061497
1 0.509021 0.866310 0.054124 0.053476
1 0.404639 0.864973 0.061856 0.061497
0 0.463918 0.950535 0.097938 0.082888
1 0.658505 0.828877 0.064433 0.069519
1 0.779639 0.756684 0.048969 0.048128
1 0.778351 0.871658 0.046392 0.058824
1 0.238402 0.549465 0.074742 0.077540
1 0.243557 0.500000 0.059278 0.064171
1 0.412371 0.278075 0.082474 0.064171
1 0.351804 0.250000 0.074742 0.082888
0 0.802835 0.831551 0.064433 0.053476
1 0.440722 0.437166 0.077320 0.072193
0 0.780928 0.709893 0.072165 0.072193
