1 0.452320 0.302139 0.079897 0.074866
1 0.501289 0.295455 0.054124 0.066845
1 0.467784 0.370321 0.090206 0.072193
0 0.329897 0.375668 0.051546 0.061497
1 0.367268 0.367647 0.033505 0.040107
1 0.400773 0.256684 0.090206 0.085561
1 0.336340 0.513369 0.038660 0.037433
1 0.296392 0.494652 0.041237 0.042781
1 0.197165 0.550802 0.069588 0.053476
0 0.179124 0.621658 0.069588 0.050802
0 0.577320 0.843583 0.103093 0.098930
0 0.454897 0.564171 0.100515 0.090909
1 0.229381 0.741979 0.056701 0.045455
0 0.185567 0.661765 0.077320 0.077540
0 0.346649 0.631016 0.048969 0.037433
0 0.349227 0.598930 0.048969 0.053476
1 0.292526 0.633690 0.054124 0.053476
1 0.311856 0.601604 0.056701 0.042781
1 0.648196 0.574866 0.090206 0.085561
1 0.534794 0.549465 0.059278 0.056150
1 0.703608 0.729947 0.056701 0.058824
1 0.301546 0.811497 0.046392 0.045455
0 0.322165 0.783422 0.108247 0.069519
1 0.371134 0.778075 0.077320 0.064171
1 0.384021 0.954545 0.061856 0.069519
0 0.442010 0.895722 0.069588 0.085561
0 0.509021 0.938503 0.054124 0.069519
1 0.456186 0.803476 0.077320 0.061497
1 0.331186 0.899733 0.028351 0.034759
0 0.313144 0.866310 0.043814 0.058824
0 0.353093 0.868984 0.046392 0.058824
1 0.485825 0.617647 0.085052 0.064171
0 0.373711 0.822193 0.056701 0.056150
1 0.234536 0.794118 0.072165 0.074866
1 0.577320 0.259358 0.077320 0.080214
