0 0.336340 0.526738 0.074742 0.074866
0 0.256443 0.617647 0.048969 0.069519
0 0.327320 0.582888 0.056701 0.053476
0 0.304124 0.625668 0.051546 0.053476
0 0.398196 0.704545 0.069588 0.082888
0 0.483247 0.687166 0.059278 0.053476
0 0.542526 0.712567 0.038660 0.050802
0 0.500000 0.524064 0.051546 0.042781
0 0.505155 0.491979 0.051546 0.048128
0 0.615979 0.454545 0.056701 0.069519
0 0.744845 0.751337 0.046392 0.069519
0 0.479381 0.767380 0.051546 0.064171
0 0.521907 0.766043 0.048969 0.072193
1 0.505155 0.815508 0.077320 0.064171
1 0.494845 0.403743 0.067010 0.053476
1 0.347938 0.445187 0.077320 0.066845
1 0.373711 0.651070 0.056701 0.061497
1 0.543814 0.664439 0.077320 0.072193
1 0.314433 0.295455 0.103093 0.104278
1 0.449742 0.385027 0.038660 0.037433
0 0.462629 0.266043 0.090206 0.061497
1 0.532216 0.248663 0.069588 0.064171
1 0.621134 0.256684 0.082474 0.069519
1 0.685567 0.431818 0.072165 0.072193
1 0.445876 0.537433 0.061856 0.042781
1 0.470361 0.482620 0.069588 0.066845
1 0.626289 0.696524 0.067010 0.066845
1 0.225515 0.574866 0.059278 0.064171
1 0.644330 0.497326 0.061856 0.053476
1 0.479381 0.712567 0.030928 0.034759
1 0.349227 0.863636 0.064433 0.074866
1 0.515464 0.950535 0.087629 0.082888
0 0.615979 0.815508 0.072165 0.106952
0 0.676546 0.850267 0.043814 0.085561
1 0.729381 0.812834 0.056701 0.069519
1 0.755155 0.862299 0.061856 0.061497
0 0.226804 0.391711 0.046392 0.088235
