1 0.422680 0.175134 0.061856 0.056150
1 0.469072 0.213904 0.072165 0.090909
1 0.520619 0.203209 0.067010 0.080214
1 0.503866 0.292781 0.064433 0.077540
0 0.333763 0.288770 0.095361 0.074866
1 0.386598 0.283422 0.046392 0.064171
1 0.670103 0.500000 0.072165 0.096257
1 0.545103 0.465241 0.074742 0.085561
0 0.472938 0.486631 0.074742 0.080214
1 0.488402 0.529412 0.069588 0.069519
1 0.346649 0.434492 0.048969 0.050802
1 0.317010 0.407754 0.056701 0.061497
1 0.222938 0.459893 0.064433 0.069519
0 0.368557 0.521390 0.056701 0.053476
0 0.360825 0.554813 0.061856 0.050802
1 0.307990 0.558824 0.043814 0.048128
1 0.342784 0.526738 0.041237 0.042781
1 0.264175 0.696524 0.064433 0.082888
1 0.324742 0.736631 0.041237 0.040107
1 0.391753 0.708556 0.061856 0.058824
0 0.333763 0.707219 0.043814 0.045455
0 0.331186 0.790107 0.043814 0.056150
0 0.365979 0.784759 0.046392 0.072193
0 0.465206 0.828877 0.064433 0.090909
0 0.604381 0.771390 0.059278 0.082888
1 0.350515 0.835561 0.056701 0.066845
1 0.398196 0.868984 0.054124 0.064171
1 0.408505 0.921123 0.074742 0.072193
0 0.530928 0.854278 0.061856 0.077540
0 0.592784 0.961230 0.046392 0.061497
1 0.551546 0.963904 0.036082 0.040107
1 0.579897 0.826203 0.041237 0.037433
1 0.599227 0.856952 0.038660 0.040107
1 0.755155 0.758021 0.077320 0.072193
1 0.710052 0.639037 0.069588 0.064171
1 0.470361 0.723262 0.059278 0.050802
