1 0.358247 0.560160 0.041237 0.045455
0 0.194588 0.481283 0.048969 0.080214
0 0.359536 0.522727 0.048969 0.066845
0 0.413660 0.529412 0.059278 0.069519
0 0.382732 0.612299 0.054124 0.074866
0 0.423969 0.594920 0.048969 0.056150
1 0.422680 0.647059 0.051546 0.064171
1 0.251289 0.549465 0.048969 0.061497
1 0.287371 0.560160 0.043814 0.061497
0 0.632732 0.728610 0.048969 0.077540
0 0.677835 0.708556 0.067010 0.080214
0 0.338918 0.362299 0.090206 0.056150
0 0.418814 0.252674 0.064433 0.056150
0 0.525773 0.602941 0.056701 0.072193
1 0.271907 0.250000 0.064433 0.045455
1 0.252577 0.232620 0.056701 0.053476
1 0.180412 0.339572 0.067010 0.069519
1 0.403351 0.481283 0.054124 0.053476
1 0.489691 0.477273 0.046392 0.050802
0 0.462629 0.778075 0.064433 0.106952
1 0.563144 0.713904 0.038660 0.037433
1 0.567010 0.743316 0.041237 0.048128
1 0.305412 0.741979 0.059278 0.072193
1 0.496134 0.713904 0.038660 0.037433
1 0.489691 0.680481 0.046392 0.045455
1 0.753866 0.680481 0.069588 0.072193
1 0.476804 0.201872 0.092784 0.077540
0 0.596649 0.610963 0.074742 0.104278
0 0.623711 0.490642 0.077320 0.082888
