0 0.527062 0.237968 0.105670 0.080214
1 0.604381 0.276738 0.048969 0.050802
1 0.652062 0.288770 0.067010 0.069519
0 0.707474 0.271390 0.059278 0.072193
0 0.507732 0.090909 0.087629 0.058824
1 0.564433 0.062834 0.046392 0.040107
1 0.429124 0.169786 0.064433 0.061497
0 0.748711 0.405080 0.069588 0.082888
0 0.592784 0.356952 0.082474 0.072193
0 0.546392 0.377005 0.067010 0.048128
0 0.453608 0.385027 0.077320 0.069519
0 0.333763 0.538770 0.074742 0.098930
0 0.417526 0.536096 0.072165 0.088235
0 0.403351 0.604278 0.095361 0.080214
1 0.368557 0.665775 0.056701 0.048128
0 0.429124 0.699198 0.085052 0.066845
1 0.515464 0.668449 0.051546 0.058824
1 0.564433 0.631016 0.061856 0.058824
1 0.313144 0.725936 0.054124 0.050802
1 0.266753 0.689840 0.054124 0.064171
1 0.262887 0.467914 0.051546 0.048128
1 0.400773 0.446524 0.054124 0.048128
0 0.546392 0.417112 0.082474 0.064171
0 0.502577 0.540107 0.061856 0.058824
0 0.625000 0.541444 0.069588 0.061497
1 0.542526 0.487968 0.069588 0.066845
0 0.636598 0.446524 0.067010 0.064171
0 0.653351 0.501337 0.059278 0.050802
0 0.731959 0.516043 0.061856 0.053476
1 0.755155 0.478610 0.067010 0.069519
0 0.677835 0.586898 0.077320 0.061497
1 0.753866 0.556150 0.074742 0.064171
1 0.576031 0.747326 0.090206 0.077540
1 0.494845 0.791444 0.087629 0.080214
1 0.762887 0.733957 0.061856 0.061497
1 0.720361 0.635027 0.048969 0.056150
1 0.747423 0.669786 0.082474 0.050802
1 0.512887 0.290107 0.082474 0.072193
1 0.289948 0.287433 0.054124 0.050802
