0 0.726804 0.469251 0.082474 0.098930
1 0.618557 0.344920 0.061856 0.053476
0 0.509021 0.296791 0.085052 0.058824
1 0.561856 0.323529 0.067010 0.064171
0 0.667526 0.320856 0.072165 0.080214
0 0.516753 0.109626 0.079897 0.053476
0 0.480670 0.137701 0.085052 0.045455
0 0.411082 0.212567 0.100515 0.056150
0 0.536082 0.411765 0.077320 0.069519
1 0.458763 0.862299 0.082474 0.066845
1 0.556701 0.815508 0.072165 0.074866
1 0.719072 0.794118 0.067010 0.069519
1 0.715206 0.894385 0.074742 0.072193
0 0.400773 0.758021 0.090206 0.077540
1 0.484536 0.740642 0.056701 0.053476
1 0.530928 0.696524 0.061856 0.061497
1 0.338918 0.723262 0.059278 0.061497
0 0.369845 0.667112 0.069588 0.066845
0 0.643041 0.649733 0.085052 0.058824
1 0.679124 0.703209 0.064433 0.048128
1 0.734536 0.679144 0.056701 0.053476
1 0.726804 0.732620 0.077320 0.069519
1 0.729381 0.621658 0.056701 0.056150
1 0.706186 0.532086 0.067010 0.064171
0 0.680412 0.609626 0.046392 0.042781
0 0.305412 0.597594 0.069588 0.093583
1 0.360825 0.501337 0.087629 0.066845
0 0.382732 0.584225 0.059278 0.082888
0 0.425258 0.540107 0.041237 0.042781
0 0.484536 0.604278 0.061856 0.053476
1 0.438144 0.581551 0.030928 0.029412
1 0.511598 0.550802 0.048969 0.042781
0 0.582474 0.604278 0.072165 0.042781
0 0.622423 0.561497 0.074742 0.053476
0 0.603093 0.509358 0.077320 0.066845
0 0.523196 0.482620 0.072165 0.061497
0 0.420103 0.442513 0.072165 0.077540
1 0.462629 0.350267 0.079897 0.069519
1 0.235825 0.504011 0.069588 0.077540
