1 0.384021 0.800802 0.072165 0.066845
1 0.494845 0.763369 0.077320 0.072193
1 0.650773 0.733957 0.064433 0.061497
1 0.648196 0.834225 0.064433 0.058824
1 0.662371 0.909091 0.072165 0.064171
0 0.315722 0.707219 0.100515 0.072193
1 0.400773 0.685829 0.054124 0.056150
1 0.658505 0.635027 0.048969 0.050802
1 0.612113 0.649733 0.069588 0.053476
1 0.636598 0.673797 0.056701 0.048128
0 0.730670 0.632353 0.085052 0.072193
1 0.265464 0.663102 0.056701 0.042781
1 0.457474 0.645722 0.054124 0.050802
0 0.560567 0.596257 0.090206 0.064171
0 0.304124 0.616310 0.097938 0.061497
1 0.655928 0.568182 0.054124 0.050802
1 0.605670 0.560160 0.041237 0.040107
1 0.636598 0.490642 0.051546 0.050802
1 0.728093 0.494652 0.059278 0.053476
0 0.637887 0.413102 0.100515 0.109626
1 0.431701 0.500000 0.054124 0.042781
0 0.497423 0.549465 0.067010 0.056150
0 0.539948 0.505348 0.064433 0.058824
0 0.529639 0.453209 0.074742 0.077540
0 0.224227 0.542781 0.067010 0.085561
1 0.288660 0.446524 0.051546 0.053476
0 0.342784 0.393048 0.067010 0.069519
0 0.417526 0.401070 0.077320 0.053476
0 0.436856 0.430481 0.079897 0.058824
0 0.293814 0.553476 0.061856 0.069519
0 0.337629 0.497326 0.051546 0.069519
0 0.404639 0.558824 0.061856 0.058824
1 0.367268 0.533422 0.043814 0.050802
1 0.386598 0.299465 0.061856 0.053476
0 0.453608 0.363636 0.072165 0.064171
0 0.430412 0.254011 0.077320 0.069519
1 0.496134 0.296791 0.048969 0.048128
1 0.539948 0.298128 0.043814 0.050802
0 0.591495 0.287433 0.074742 0.082888
0 0.411082 0.090909 0.090206 0.064171
0 0.466495 0.072193 0.082474 0.064171
1 0.627577 0.189840 0.059278 0.053476
0 0.632732 0.529412 0.090206 0.080214
0 0.329897 0.164439 0.097938 0.050802
