0 0.628866 0.073529 0.067010 0.082888
0 0.686856 0.078877 0.074742 0.077540
0 0.516753 0.104278 0.079897 0.069519
0 0.715206 0.328877 0.074742 0.090909
0 0.592784 0.227273 0.082474 0.074866
1 0.630155 0.282086 0.069588 0.072193
0 0.676546 0.338235 0.059278 0.072193
0 0.697165 0.501337 0.079897 0.109626
0 0.442010 0.319519 0.079897 0.066845
0 0.564433 0.351604 0.077320 0.088235
1 0.247423 0.283422 0.077320 0.069519
1 0.372423 0.328877 0.054124 0.058824
0 0.265464 0.382353 0.087629 0.080214
0 0.261598 0.570856 0.095361 0.072193
1 0.340206 0.598930 0.072165 0.064171
1 0.266753 0.695187 0.090206 0.074866
1 0.368557 0.696524 0.103093 0.082888
1 0.525773 0.766043 0.067010 0.061497
1 0.542526 0.711230 0.059278 0.064171
1 0.590206 0.683155 0.072165 0.072193
1 0.538660 0.669786 0.067010 0.061497
1 0.412371 0.590909 0.061856 0.058824
0 0.539948 0.601604 0.095361 0.080214
1 0.222938 0.512032 0.054124 0.061497
0 0.280928 0.489305 0.087629 0.058824
0 0.328608 0.421123 0.064433 0.061497
0 0.380155 0.399733 0.069588 0.082888
1 0.471649 0.449198 0.041237 0.042781
0 0.494845 0.528075 0.072165 0.061497
0 0.561856 0.517380 0.061856 0.077540
0 0.576031 0.458556 0.069588 0.088235
0 0.618557 0.566845 0.056701 0.069519
0 0.587629 0.586898 0.067010 0.056150
1 0.787371 0.251337 0.074742 0.096257
