0 0.573454 0.040107 0.121134 0.069519
0 0.488402 0.106952 0.105670 0.069519
1 0.332474 0.387701 0.103093 0.085561
1 0.225515 0.435829 0.069588 0.069519
0 0.685567 0.399733 0.097938 0.109626
0 0.604381 0.298128 0.095361 0.088235
0 0.775773 0.469251 0.072165 0.066845
0 0.506443 0.332888 0.074742 0.072193
0 0.463918 0.647059 0.082474 0.064171
0 0.559278 0.645722 0.097938 0.072193
1 0.524485 0.747326 0.069588 0.072193
1 0.351804 0.673797 0.064433 0.058824
0 0.384021 0.478610 0.067010 0.080214
0 0.449742 0.490642 0.064433 0.088235
0 0.503866 0.441176 0.038660 0.064171
0 0.556701 0.500000 0.061856 0.058824
0 0.715206 0.545455 0.090206 0.064171
0 0.759021 0.502674 0.059278 0.058824
0 0.692010 0.461230 0.059278 0.066845
0 0.596649 0.379679 0.074742 0.074866
0 0.652062 0.720588 0.103093 0.104278
1 0.449742 0.385027 0.079897 0.069519
1 0.622423 0.592246 0.090206 0.066845
1 0.587629 0.441176 0.087629 0.069519
0 0.788660 0.352941 0.077320 0.106952
1 0.314433 0.779412 0.113402 0.104278
0 0.447165 0.564171 0.105670 0.085561
0 0.752577 0.229947 0.097938 0.101604
