1 0.560567 0.637701 0.069588 0.066845
0 0.625000 0.635027 0.095361 0.104278
0 0.725515 0.824866 0.085052 0.066845
0 0.728093 0.089572 0.110825 0.120321
0 0.585052 0.041444 0.123711 0.077540
1 0.372423 0.040107 0.064433 0.064171
0 0.421392 0.211230 0.079897 0.112299
1 0.515464 0.177807 0.082474 0.072193
0 0.734536 0.188503 0.092784 0.077540
0 0.546392 0.216578 0.097938 0.069519
0 0.592784 0.248663 0.082474 0.058824
0 0.548969 0.259358 0.056701 0.058824
1 0.304124 0.386364 0.082474 0.093583
0 0.261598 0.520053 0.054124 0.093583
0 0.273196 0.573529 0.061856 0.093583
0 0.324742 0.526738 0.072165 0.101604
1 0.239691 0.524064 0.072165 0.058824
1 0.405928 0.618984 0.069588 0.072193
0 0.592784 0.481283 0.087629 0.106952
0 0.658505 0.554813 0.079897 0.082888
0 0.471649 0.355615 0.077320 0.117647
1 0.380155 0.401070 0.064433 0.074866
1 0.411082 0.471925 0.074742 0.077540
0 0.529639 0.326203 0.074742 0.101604
0 0.626289 0.335561 0.077320 0.098930
1 0.583763 0.331551 0.048969 0.058824
0 0.815722 0.177807 0.059278 0.098930
1 0.743557 0.697861 0.095361 0.090909
1 0.635309 0.725936 0.054124 0.061497
1 0.592784 0.703209 0.046392 0.058824
1 0.421392 0.689840 0.064433 0.058824
1 0.335052 0.617647 0.051546 0.048128
1 0.301546 0.681818 0.056701 0.058824
1 0.528351 0.750000 0.061856 0.061497
1 0.594072 0.768717 0.064433 0.056150
1 0.423969 0.780749 0.074742 0.064171
1 0.483247 0.754011 0.059278 0.058824
1 0.287371 0.737968 0.059278 0.069519
1 0.363402 0.826203 0.061856 0.064171
1 0.432990 0.835561 0.061856 0.061497
1 0.567010 0.823529 0.082474 0.069519
1 0.646907 0.803476 0.061856 0.050802
1 0.645619 0.836898 0.038660 0.048128
1 0.363402 0.677807 0.061856 0.061497
1 0.326031 0.925134 0.085052 0.085561
1 0.391753 0.929144 0.087629 0.077540
