0 0.734536 0.082888 0.082474 0.128342
0 0.712629 0.118984 0.085052 0.104278
0 0.623711 0.038770 0.103093 0.072193
0 0.315722 0.144385 0.064433 0.096257
0 0.479381 0.395722 0.072165 0.090909
0 0.533505 0.491979 0.077320 0.074866
0 0.434278 0.260695 0.064433 0.098930
0 0.358247 0.272727 0.077320 0.112299
1 0.253866 0.327540 0.074742 0.088235
1 0.295103 0.418449 0.059278 0.077540
0 0.501289 0.577540 0.095361 0.085561
0 0.600515 0.774064 0.097938 0.077540
1 0.349227 0.697861 0.079897 0.074866
1 0.289948 0.721925 0.059278 0.064171
1 0.439433 0.762032 0.069588 0.069519
1 0.461340 0.704545 0.061856 0.056150
1 0.505155 0.667112 0.056701 0.050802
1 0.461340 0.647059 0.036082 0.048128
1 0.478093 0.852941 0.064433 0.064171
1 0.389175 0.882353 0.061856 0.074866
1 0.630155 0.568182 0.043814 0.050802
1 0.578608 0.705882 0.038660 0.053476
1 0.618557 0.716578 0.046392 0.042781
1 0.617268 0.651070 0.064433 0.056150
1 0.292526 0.622995 0.054124 0.053476
1 0.275773 0.542781 0.061856 0.058824
0 0.199742 0.458556 0.064433 0.114973
1 0.400773 0.110963 0.048969 0.061497
0 0.452320 0.143048 0.090206 0.056150
0 0.512887 0.286096 0.067010 0.101604
1 0.476804 0.258021 0.030928 0.040107
0 0.641753 0.140374 0.051546 0.072193
1 0.601804 0.122995 0.038660 0.048128
1 0.377577 0.601604 0.043814 0.048128
1 0.422680 0.573529 0.046392 0.066845
1 0.686856 0.521390 0.054124 0.064171
0 0.497423 0.180481 0.077320 0.066845
0 0.427835 0.184492 0.067010 0.064171
1 0.510309 0.522727 0.077320 0.056150
