1 0.576031 0.094920 0.100515 0.082888
1 0.518041 0.096257 0.056701 0.080214
1 0.465206 0.114973 0.059278 0.074866
1 0.679124 0.044118 0.085052 0.077540
1 0.775773 0.044118 0.077320 0.077540
1 0.539948 0.308824 0.079897 0.077540
1 0.345361 0.557487 0.072165 0.109626
1 0.342784 0.455882 0.097938 0.098930
1 0.426546 0.750000 0.079897 0.088235
1 0.792526 0.792781 0.074742 0.088235
0 0.523196 0.598930 0.092784 0.112299
0 0.439433 0.445187 0.090206 0.109626
0 0.515464 0.455882 0.072165 0.114973
0 0.774485 0.331551 0.085052 0.101604
0 0.811856 0.409091 0.077320 0.106952
0 0.860825 0.419786 0.087629 0.106952
0 0.912371 0.208556 0.087629 0.106952
0 0.675258 0.216578 0.056701 0.112299
0 0.551546 0.720588 0.087629 0.109626
0 0.596649 0.390374 0.069588 0.074866
0 0.546392 0.383690 0.067010 0.072193
0 0.586340 0.352941 0.085052 0.069519
0 0.447165 0.299465 0.090206 0.122995
0 0.626289 0.137701 0.056701 0.082888
0 0.655928 0.106952 0.100515 0.090909
1 0.720361 0.176471 0.085052 0.096257
1 0.690722 0.790107 0.077320 0.077540
1 0.619845 0.818182 0.069588 0.080214
1 0.579897 0.879679 0.087629 0.090909
1 0.377577 0.762032 0.064433 0.069519
1 0.368557 0.842246 0.072165 0.069519
1 0.422680 0.891711 0.061856 0.066845
1 0.436856 0.818182 0.059278 0.048128
1 0.479381 0.859626 0.067010 0.066845
1 0.557990 0.465241 0.054124 0.058824
1 0.587629 0.486631 0.061856 0.074866
1 0.942010 0.350267 0.090206 0.101604
1 0.280928 0.683155 0.082474 0.104278
