0 0.440722 0.629679 0.103093 0.104278
0 0.356959 0.564171 0.090206 0.106952
0 0.402062 0.157754 0.103093 0.112299
0 0.503866 0.219251 0.121134 0.090909
0 0.505155 0.161765 0.113402 0.109626
0 0.279639 0.441176 0.074742 0.106952
0 0.137887 0.370321 0.100515 0.136364
0 0.288660 0.159091 0.108247 0.093583
0 0.270619 0.324866 0.077320 0.082888
0 0.324742 0.348930 0.082474 0.077540
0 0.275773 0.368984 0.061856 0.085561
1 0.059278 0.076203 0.087629 0.077540
1 0.110825 0.136364 0.077320 0.090909
1 0.182990 0.622995 0.097938 0.090909
1 0.135309 0.553476 0.100515 0.122995
0 0.211340 0.475936 0.082474 0.117647
1 0.470361 0.401070 0.105670 0.106952
1 0.403351 0.326203 0.105670 0.112299
1 0.356959 0.739305 0.090206 0.109626
1 0.579897 0.589572 0.087629 0.088235
1 0.347938 0.431818 0.067010 0.066845
1 0.324742 0.426471 0.056701 0.066845
1 0.242268 0.816845 0.087629 0.104278
1 0.407216 0.782086 0.056701 0.066845
1 0.462629 0.787433 0.074742 0.077540
0 0.449742 0.717914 0.100515 0.082888
0 0.195876 0.129679 0.061856 0.056150
1 0.231959 0.147059 0.061856 0.069519
1 0.282216 0.114973 0.085052 0.090909
1 0.161082 0.041444 0.079897 0.066845
0 0.586340 0.848930 0.126289 0.098930
1 0.567010 0.739305 0.092784 0.088235
1 0.552835 0.653743 0.085052 0.077540
1 0.354381 0.836898 0.079897 0.080214
