0 0.212629 0.286096 0.074742 0.112299
0 0.528351 0.395722 0.082474 0.080214
0 0.497423 0.221925 0.077320 0.101604
0 0.563144 0.310160 0.090206 0.074866
0 0.371134 0.109626 0.056701 0.117647
0 0.613402 0.594920 0.087629 0.066845
0 0.444588 0.076203 0.090206 0.104278
1 0.408505 0.498663 0.043814 0.045455
1 0.302835 0.443850 0.069588 0.064171
1 0.264175 0.430481 0.028351 0.042781
1 0.220361 0.381016 0.059278 0.061497
1 0.233247 0.438503 0.059278 0.048128
1 0.190722 0.148396 0.087629 0.093583
1 0.270619 0.167112 0.061856 0.066845
1 0.298969 0.237968 0.077320 0.080214
1 0.292526 0.372995 0.064433 0.072193
1 0.398196 0.418449 0.059278 0.061497
1 0.440722 0.386364 0.067010 0.072193
1 0.527062 0.474599 0.059278 0.050802
1 0.483247 0.462567 0.069588 0.069519
1 0.628866 0.461230 0.072165 0.066845
1 0.699742 0.331551 0.048969 0.058824
1 0.457474 0.581551 0.069588 0.066845
1 0.307990 0.552139 0.069588 0.061497
1 0.364691 0.521390 0.059278 0.058824
1 0.472938 0.521390 0.059278 0.048128
1 0.595361 0.525401 0.061856 0.082888
1 0.645619 0.533422 0.079897 0.082888
1 0.282216 0.639037 0.059278 0.053476
1 0.646907 0.382353 0.067010 0.064171
1 0.524485 0.566845 0.069588 0.064171
0 0.542526 0.090909 0.100515 0.112299
1 0.501289 0.663102 0.121134 0.080214
1 0.291237 0.688503 0.092784 0.072193
