0 0.355670 0.362299 0.103093 0.093583
0 0.474227 0.331551 0.087629 0.085561
0 0.497423 0.172460 0.103093 0.077540
0 0.358247 0.692513 0.087629 0.085561
0 0.351804 0.636364 0.069588 0.085561
0 0.421392 0.703209 0.074742 0.080214
0 0.297680 0.466578 0.079897 0.088235
0 0.304124 0.514706 0.077320 0.077540
0 0.439433 0.423797 0.110825 0.072193
1 0.615979 0.437166 0.072165 0.072193
1 0.643041 0.368984 0.069588 0.074866
1 0.204897 0.594920 0.064433 0.077540
1 0.239691 0.906417 0.072165 0.085561
1 0.332474 0.954545 0.082474 0.074866
1 0.278351 0.856952 0.072165 0.072193
1 0.337629 0.775401 0.072165 0.053476
0 0.326031 0.819519 0.105670 0.072193
1 0.735825 0.549465 0.074742 0.072193
1 0.555412 0.239305 0.085052 0.077540
0 0.590206 0.176471 0.077320 0.085561
1 0.519330 0.352941 0.064433 0.064171
1 0.412371 0.245989 0.061856 0.064171
0 0.628866 0.832888 0.067010 0.088235
1 0.632732 0.677807 0.069588 0.077540
