1 0.479381 0.236631 0.077320 0.072193
1 0.564433 0.727273 0.072165 0.074866
1 0.515464 0.783422 0.067010 0.074866
1 0.608247 0.812834 0.067010 0.069519
1 0.740979 0.851604 0.074742 0.072193
0 0.726804 0.907754 0.092784 0.088235
0 0.618557 0.592246 0.108247 0.088235
1 0.630155 0.660428 0.069588 0.064171
1 0.927835 0.532086 0.056701 0.058824
0 0.561856 0.279412 0.087629 0.093583
0 0.542526 0.378342 0.059278 0.077540
0 0.693299 0.326203 0.082474 0.069519
0 0.676546 0.239305 0.105670 0.072193
1 0.742268 0.248663 0.051546 0.048128
1 0.872423 0.311497 0.074742 0.082888
1 0.612113 0.159091 0.079897 0.072193
1 0.731959 0.156417 0.072165 0.066845
0 0.630155 0.530749 0.079897 0.093583
0 0.474227 0.525401 0.082474 0.120321
0 0.701031 0.421123 0.087629 0.098930
1 0.435567 0.641711 0.097938 0.090909
1 0.793814 0.786096 0.051546 0.064171
1 0.845361 0.758021 0.072165 0.077540
0 0.708763 0.570856 0.061856 0.088235
