1 0.472938 0.270053 0.074742 0.074866
1 0.506443 0.850267 0.085052 0.074866
1 0.601804 0.886364 0.069588 0.072193
1 0.541237 0.790107 0.077320 0.072193
1 0.599227 0.717914 0.069588 0.066845
1 0.747423 0.913102 0.097938 0.082888
0 0.726804 0.974599 0.087629 0.050802
0 0.596649 0.633690 0.069588 0.085561
0 0.659794 0.632353 0.077320 0.093583
0 0.661082 0.358289 0.100515 0.085561
0 0.677835 0.262032 0.082474 0.085561
1 0.750000 0.288770 0.077320 0.064171
1 0.842784 0.331551 0.072165 0.080214
0 0.556701 0.315508 0.082474 0.101604
0 0.527062 0.418449 0.064433 0.072193
0 0.542526 0.470588 0.054124 0.074866
0 0.462629 0.557487 0.069588 0.077540
0 0.527062 0.530749 0.064433 0.098930
0 0.590206 0.534759 0.061856 0.069519
0 0.600515 0.584225 0.067010 0.082888
0 0.663660 0.475936 0.069588 0.101604
1 0.421392 0.677807 0.085052 0.098930
1 0.583763 0.197861 0.079897 0.085561
1 0.710052 0.179144 0.079897 0.069519
