1 0.443299 0.451872 0.077320 0.080214
1 0.671392 0.335561 0.064433 0.061497
1 0.804124 0.462567 0.067010 0.085561
1 0.713918 0.489305 0.082474 0.074866
0 0.637887 0.458556 0.079897 0.088235
0 0.394330 0.745989 0.067010 0.101604
0 0.530928 0.836898 0.087629 0.085561
0 0.545103 0.783422 0.064433 0.080214
0 0.603093 0.827540 0.077320 0.082888
1 0.345361 0.859626 0.097938 0.088235
1 0.472938 0.965241 0.100515 0.069519
1 0.551546 0.386364 0.087629 0.072193
0 0.569588 0.302139 0.067010 0.053476
1 0.802835 0.549465 0.069588 0.072193
0 0.631443 0.685829 0.061856 0.114973
0 0.639175 0.565508 0.082474 0.082888
0 0.525773 0.491979 0.092784 0.101604
0 0.479381 0.596257 0.067010 0.096257
1 0.827320 0.764706 0.061856 0.069519
0 0.538660 0.728610 0.067010 0.072193
