0 0.275773 0.402406 0.097938 0.136364
0 0.426546 0.498663 0.085052 0.088235
0 0.490979 0.105615 0.074742 0.082888
1 0.560567 0.139037 0.085052 0.069519
0 0.336340 0.262032 0.095361 0.101604
0 0.373711 0.149733 0.097938 0.106952
0 0.670103 0.205882 0.092784 0.090909
1 0.698454 0.411765 0.082474 0.101604
1 0.542526 0.762032 0.095361 0.085561
1 0.393041 0.733957 0.100515 0.082888
1 0.355670 0.633690 0.097938 0.090909
1 0.301546 0.688503 0.072165 0.066845
1 0.407216 0.586898 0.061856 0.056150
0 0.372423 0.315508 0.064433 0.096257
0 0.500000 0.828877 0.123711 0.064171
1 0.474227 0.937166 0.087629 0.072193
1 0.671392 0.106952 0.069588 0.080214
0 0.481959 0.493316 0.072165 0.104278
0 0.413660 0.553476 0.105670 0.069519
1 0.432990 0.034759 0.082474 0.058824
1 0.565722 0.037433 0.110825 0.069519
