1 0.445876 0.501337 0.087629 0.088235
0 0.71134 0.536096 0.123711 0.120321
0 0.673969 0.465241 0.115979 0.122995
1 0.306701 0.375668 0.072165 0.07754
1 0.427835 0.351604 0.097938 0.061497
1 0.447165 0.23262 0.085052 0.090909
1 0.632732 0.205882 0.079897 0.090909
1 0.488402 0.137701 0.085052 0.072193
1 0.377577 0.656417 0.069588 0.07754
1 0.44201 0.628342 0.059278 0.058824
1 0.483247 0.671123 0.069588 0.074866
1 0.405928 0.568182 0.074742 0.066845
1 0.569588 0.312834 0.087629 0.058824
1 0.507732 0.220588 0.082474 0.061497
1 0.568299 0.457219 0.074742 0.058824
1 0.492268 0.397059 0.051546 0.061497
1 0.45232 0.391711 0.054124 0.082888
1 0.585052 0.586898 0.087629 0.072193
1 0.756443 0.22861 0.074742 0.088235
