1 0.286082 0.446524 0.092784 0.101604
1 0.351804 0.418449 0.074742 0.072193
0 0.579897 0.239305 0.097938 0.093583
0 0.614691 0.330214 0.100515 0.088235
1 0.509021 0.669786 0.079897 0.072193
0 0.284794 0.294118 0.085052 0.096257
1 0.420103 0.26738 0.082474 0.085561
1 0.489691 0.354278 0.07732 0.066845
1 0.305412 0.364973 0.074742 0.07754
1 0.350515 0.286096 0.072165 0.064171
1 0.354381 0.104278 0.069588 0.064171
1 0.320876 0.139037 0.064433 0.064171
1 0.208763 0.165775 0.07732 0.080214
1 0.475515 0.097594 0.085052 0.072193
1 0.458763 0.225936 0.06701 0.061497
1 0.407216 0.175134 0.056701 0.066845
1 0.359536 0.167112 0.048969 0.066845
1 0.349227 0.030749 0.059278 0.05615
