0 0.565722 0.393048 0.110825 0.101604
0 0.51933 0.294118 0.115979 0.096257
1 0.546392 0.823529 0.07732 0.080214
1 0.561856 0.786096 0.072165 0.080214
0 0.617268 0.743316 0.090206 0.085561
1 0.396907 0.795455 0.07732 0.07754
1 0.456186 0.731283 0.082474 0.066845
1 0.289948 0.475936 0.085052 0.058824
1 0.326031 0.520053 0.064433 0.050802
1 0.226804 0.495989 0.082474 0.061497
1 0.252577 0.409091 0.082474 0.069519
0 0.234536 0.347594 0.097938 0.074866
1 0.429124 0.417112 0.085052 0.069519
1 0.349227 0.318182 0.074742 0.074866
1 0.407216 0.286096 0.06701 0.069519
1 0.255155 0.185829 0.056701 0.05615
1 0.291237 0.149733 0.072165 0.064171
1 0.427835 0.148396 0.103093 0.07754
1 0.511598 0.907754 0.069588 0.061497
0 0.599227 0.918449 0.090206 0.072193
1 0.501289 0.049465 0.085052 0.082888
1 0.332474 0.835561 0.07732 0.072193
1 0.293814 0.223262 0.046392 0.061497
1 0.340206 0.23262 0.051546 0.064171
1 0.306701 0.064171 0.046392 0.064171
1 0.372423 0.053476 0.085052 0.058824
