0 0.658505 0.159091 0.095361 0.072193
0 0.502577 0.280749 0.103093 0.101604
0 0.617268 0.374332 0.085052 0.096257
0 0.673969 0.347594 0.074742 0.090909
0 0.578608 0.486631 0.059278 0.080214
0 0.423969 0.084225 0.074742 0.066845
1 0.783505 0.09492 0.056701 0.066845
1 0.841495 0.144385 0.054124 0.069519
0 0.551546 0.609626 0.06701 0.080214
0 0.490979 0.501337 0.064433 0.082888
0 0.427835 0.526738 0.06701 0.080214
0 0.43299 0.582888 0.056701 0.069519
1 0.279639 0.368984 0.059278 0.064171
1 0.832474 0.248663 0.061856 0.053476
1 0.654639 0.606952 0.061856 0.058824
1 0.400773 0.636364 0.033505 0.058824
1 0.436856 0.606952 0.043814 0.058824
1 0.351804 0.152406 0.048969 0.058824
