0 0.740979 0.564171 0.105670 0.128342
0 0.762887 0.740642 0.097938 0.096257
0 0.787371 0.808824 0.074742 0.061497
1 0.380155 0.794118 0.090206 0.074866
1 0.362113 0.921123 0.079897 0.077540
1 0.297680 0.867647 0.064433 0.072193
1 0.247423 0.759358 0.067010 0.064171
0 0.220361 0.901070 0.079897 0.085561
0 0.211340 0.803476 0.061856 0.082888
0 0.631443 0.937166 0.092784 0.088235
0 0.627577 0.879679 0.085052 0.090909
1 0.463918 0.673797 0.067010 0.074866
0 0.533505 0.772727 0.097938 0.074866
1 0.489691 0.822193 0.067010 0.061497
0 0.692010 0.792781 0.064433 0.066845
0 0.752577 0.838235 0.056701 0.061497
1 0.704897 0.856952 0.059278 0.050802
0 0.551546 0.577540 0.092784 0.080214
1 0.673969 0.266043 0.069588 0.072193
1 0.667526 0.393048 0.067010 0.069519
0 0.186856 0.564171 0.079897 0.101604
1 0.443299 0.054813 0.067010 0.056150
1 0.576031 0.086898 0.074742 0.072193
0 0.534794 0.233957 0.100515 0.104278
0 0.735825 0.947861 0.085052 0.077540
0 0.498711 0.943850 0.074742 0.080214
1 0.565722 0.934492 0.064433 0.066845
