0 0.548969 0.661765 0.103093 0.09893
0 0.770619 0.667112 0.108247 0.09893
0 0.667526 0.648396 0.087629 0.082888
0 0.82732 0.533422 0.072165 0.07754
0 0.79768 0.473262 0.064433 0.074866
0 0.722938 0.513369 0.074742 0.069519
0 0.643041 0.455882 0.048969 0.061497
0 0.601804 0.433155 0.054124 0.064171
0 0.559278 0.491979 0.082474 0.074866
0 0.494845 0.419786 0.082474 0.080214
0 0.756443 0.290107 0.074742 0.088235
1 0.408505 0.639037 0.069588 0.058824
1 0.344072 0.590909 0.064433 0.069519
1 0.42268 0.526738 0.06701 0.058824
1 0.28866 0.48262 0.061856 0.061497
0 0.235825 0.311497 0.074742 0.09893
1 0.521907 0.762032 0.069588 0.058824
1 0.367268 0.727273 0.064433 0.058824
1 0.438144 0.72861 0.056701 0.05615
1 0.344072 0.756684 0.059278 0.053476
1 0.64433 0.752674 0.06701 0.066845
0 0.494845 0.815508 0.108247 0.085561
1 0.583763 0.798128 0.064433 0.07754
1 0.738402 0.795455 0.090206 0.088235
1 0.664948 0.891711 0.082474 0.07754
1 0.564433 0.918449 0.061856 0.07754
1 0.79768 0.897059 0.069588 0.07754
1 0.417526 0.302139 0.051546 0.058824
0 0.460052 0.342246 0.054124 0.064171
0 0.404639 0.207219 0.06701 0.07754
0 0.469072 0.204545 0.072165 0.072193
1 0.680412 0.127005 0.072165 0.066845
0 0.286082 0.152406 0.072165 0.074866
0 0.793814 0.566845 0.061856 0.058824
1 0.520619 0.703209 0.072165 0.064171
1 0.594072 0.644385 0.054124 0.058824
1 0.528351 0.546791 0.07732 0.066845
