1 0.396907 0.828877 0.087629 0.074866
1 0.505155 0.858289 0.087629 0.074866
1 0.592784 0.957219 0.061856 0.053476
0 0.525773 0.967914 0.082474 0.064171
1 0.319588 0.899733 0.067010 0.061497
1 0.380155 0.946524 0.054124 0.058824
0 0.663660 0.961230 0.074742 0.066845
0 0.650773 0.913102 0.064433 0.077540
0 0.728093 0.585561 0.085052 0.096257
0 0.420103 0.225936 0.092784 0.072193
0 0.515464 0.266043 0.092784 0.082888
0 0.536082 0.804813 0.097938 0.069519
1 0.471649 0.708556 0.072165 0.058824
0 0.804124 0.827540 0.092784 0.088235
0 0.773196 0.855615 0.067010 0.053476
0 0.706186 0.819519 0.072165 0.066845
0 0.769330 0.969251 0.090206 0.061497
1 0.628866 0.755348 0.051546 0.050802
0 0.581186 0.737968 0.059278 0.069519
0 0.550258 0.609626 0.074742 0.074866
1 0.248711 0.427807 0.059278 0.053476
1 0.391753 0.612299 0.041237 0.042781
1 0.652062 0.425134 0.072165 0.085561
1 0.262887 0.796791 0.067010 0.058824
0 0.429124 0.520053 0.074742 0.082888
0 0.349227 0.550802 0.069588 0.074866
1 0.720361 0.879679 0.064433 0.064171
0 0.320876 0.299465 0.095361 0.074866
