1 0.509021 0.705882 0.090206 0.080214
1 0.572165 0.711230 0.077320 0.080214
1 0.671392 0.680481 0.085052 0.088235
1 0.255155 0.745989 0.097938 0.101604
1 0.282216 0.657754 0.090206 0.069519
1 0.233247 0.624332 0.079897 0.077540
1 0.353093 0.759358 0.061856 0.058824
1 0.396907 0.725936 0.072165 0.066845
0 0.320876 0.816845 0.090206 0.072193
0 0.403351 0.807487 0.079897 0.074866
1 0.409794 0.521390 0.061856 0.058824
0 0.494845 0.455882 0.072165 0.125668
0 0.309278 0.414439 0.077320 0.085561
1 0.238402 0.435829 0.059278 0.064171
1 0.500000 0.216578 0.061856 0.058824
1 0.313144 0.290107 0.090206 0.093583
1 0.184278 0.334225 0.095361 0.096257
1 0.198454 0.390374 0.056701 0.053476
1 0.224227 0.565508 0.051546 0.045455
1 0.248711 0.491979 0.054124 0.042781
1 0.226804 0.517380 0.041237 0.045455
1 0.186856 0.592246 0.064433 0.066845
1 0.590206 0.237968 0.061856 0.058824
1 0.588918 0.504011 0.059278 0.050802
1 0.694588 0.407754 0.069588 0.066845
1 0.612113 0.649733 0.048969 0.042781
1 0.615979 0.613636 0.041237 0.040107
0 0.625000 0.538770 0.054124 0.077540
0 0.662371 0.570856 0.082474 0.066845
1 0.610825 0.590909 0.056701 0.048128
0 0.557990 0.569519 0.054124 0.064171
1 0.501289 0.550802 0.059278 0.053476
1 0.551546 0.423797 0.041237 0.050802
0 0.588918 0.415775 0.059278 0.072193
0 0.423969 0.266043 0.085052 0.066845
0 0.514175 0.259358 0.054124 0.048128
1 0.590206 0.356952 0.046392 0.040107
1 0.567010 0.290107 0.046392 0.040107
1 0.605670 0.300802 0.051546 0.045455
0 0.376289 0.469251 0.072165 0.061497
1 0.393041 0.435829 0.033505 0.032086
1 0.385309 0.370321 0.048969 0.045455
1 0.405928 0.364973 0.033505 0.034759
1 0.427835 0.351604 0.051546 0.050802
0 0.585052 0.116310 0.067010 0.066845
1 0.525773 0.093583 0.067010 0.064171
0 0.327320 0.522727 0.056701 0.056150
