0 0.469072 0.889037 0.087629 0.077540
0 0.550258 0.877005 0.079897 0.064171
0 0.604381 0.506684 0.074742 0.104278
0 0.259021 0.498663 0.079897 0.093583
0 0.695876 0.413102 0.072165 0.066845
0 0.698454 0.477273 0.061856 0.066845
1 0.574742 0.030749 0.061856 0.056150
1 0.603093 0.168449 0.041237 0.042781
1 0.565722 0.280749 0.048969 0.042781
1 0.402062 0.360963 0.087629 0.085561
0 0.507732 0.339572 0.082474 0.069519
0 0.421392 0.486631 0.079897 0.101604
0 0.350515 0.514706 0.092784 0.120321
1 0.365979 0.712567 0.067010 0.072193
0 0.310567 0.739305 0.069588 0.072193
1 0.390464 0.842246 0.048969 0.053476
1 0.715206 0.766043 0.059278 0.056150
1 0.641753 0.766043 0.067010 0.077540
1 0.804124 0.724599 0.061856 0.064171
1 0.695876 0.708556 0.056701 0.058824
0 0.689433 0.618984 0.054124 0.061497
1 0.627577 0.612299 0.054124 0.058824
1 0.536082 0.598930 0.056701 0.058824
1 0.317010 0.671123 0.056701 0.058824
1 0.266753 0.716578 0.054124 0.053476
0 0.652062 0.180481 0.072165 0.088235
1 0.670103 0.287433 0.061856 0.056150
1 0.650773 0.342246 0.059278 0.048128
1 0.805412 0.457219 0.054124 0.058824
0 0.788660 0.612299 0.067010 0.080214
0 0.742268 0.573529 0.051546 0.066845
1 0.744845 0.696524 0.036082 0.034759
1 0.737113 0.641711 0.046392 0.042781
1 0.501289 0.832888 0.054124 0.061497
1 0.354381 0.609626 0.054124 0.042781
1 0.351804 0.656417 0.043814 0.045455
1 0.286082 0.417112 0.072165 0.064171
1 0.542526 0.807487 0.074742 0.058824
1 0.528351 0.930481 0.072165 0.064171
1 0.590206 0.913102 0.067010 0.061497
0 0.485825 0.536096 0.074742 0.072193
1 0.483247 0.449198 0.064433 0.053476
1 0.511598 0.497326 0.064433 0.048128
