0 0.349227 0.794118 0.095361 0.090909
0 0.421392 0.744652 0.069588 0.098930
0 0.382732 0.316845 0.069588 0.072193
0 0.139175 0.451872 0.092784 0.101604
1 0.298969 0.164439 0.056701 0.050802
1 0.300258 0.216578 0.059278 0.058824
1 0.336340 0.209893 0.048969 0.045455
1 0.474227 0.260695 0.072165 0.072193
1 0.458763 0.144385 0.067010 0.064171
1 0.212629 0.189840 0.079897 0.064171
1 0.347938 0.727273 0.056701 0.053476
1 0.364691 0.664439 0.064433 0.056150
1 0.365979 0.695187 0.056701 0.042781
1 0.456186 0.618984 0.056701 0.056150
1 0.507732 0.581551 0.061856 0.061497
1 0.465206 0.756684 0.059278 0.074866
1 0.434278 0.802139 0.069588 0.058824
1 0.279639 0.506684 0.064433 0.072193
0 0.319588 0.397059 0.072165 0.098930
0 0.434278 0.467914 0.069588 0.085561
1 0.371134 0.473262 0.051546 0.053476
0 0.475515 0.407754 0.059278 0.066845
1 0.425258 0.393048 0.056701 0.048128
0 0.521907 0.410428 0.074742 0.056150
1 0.083763 0.347594 0.064433 0.080214
1 0.122423 0.582888 0.054124 0.053476
1 0.134021 0.632353 0.056701 0.045455
0 0.193299 0.546791 0.067010 0.061497
0 0.215206 0.466578 0.064433 0.066845
0 0.171392 0.274064 0.079897 0.061497
1 0.658505 0.474599 0.074742 0.056150
0 0.576031 0.508021 0.064433 0.058824
1 0.229381 0.691176 0.067010 0.061497
0 0.247423 0.212567 0.077320 0.077540
0 0.560567 0.447861 0.090206 0.077540
0 0.509021 0.860963 0.105670 0.096257
1 0.192010 0.381016 0.054124 0.056150
1 0.686856 0.618984 0.100515 0.098930
