0 0.360825 0.950535 0.108247 0.072193
0 0.456186 0.914439 0.103093 0.090909
1 0.384021 0.891711 0.061856 0.056150
1 0.282216 0.795455 0.079897 0.077540
1 0.246134 0.766043 0.069588 0.066845
1 0.538660 0.834225 0.097938 0.069519
1 0.430412 0.981283 0.051546 0.037433
1 0.488402 0.969251 0.074742 0.061497
1 0.520619 0.663102 0.061856 0.074866
0 0.578608 0.681818 0.074742 0.101604
0 0.639175 0.656417 0.067010 0.098930
1 0.431701 0.652406 0.064433 0.069519
1 0.304124 0.418449 0.087629 0.077540
1 0.234536 0.645722 0.056701 0.050802
1 0.222938 0.701872 0.064433 0.061497
0 0.423969 0.387701 0.095361 0.074866
0 0.319588 0.538770 0.087629 0.098930
0 0.240979 0.574866 0.074742 0.080214
0 0.500000 0.584225 0.067010 0.104278
1 0.559278 0.536096 0.061856 0.056150
1 0.751289 0.397059 0.064433 0.066845
1 0.422680 0.840909 0.051546 0.034759
1 0.417526 0.863636 0.067010 0.042781
0 0.686856 0.668449 0.069588 0.069519
0 0.701031 0.735294 0.082474 0.074866
1 0.586340 0.770053 0.074742 0.069519
1 0.637887 0.752674 0.043814 0.034759
1 0.631443 0.696524 0.046392 0.056150
0 0.688144 0.788770 0.097938 0.101604
0 0.327320 0.648396 0.061856 0.050802
0 0.291237 0.680481 0.067010 0.061497
1 0.185567 0.525401 0.056701 0.061497
0 0.601804 0.469251 0.085052 0.098930
0 0.569588 0.224599 0.061856 0.069519
1 0.534794 0.213904 0.079897 0.080214
1 0.599227 0.352941 0.059278 0.058824
1 0.496134 0.343583 0.064433 0.061497
1 0.411082 0.541444 0.059278 0.066845
1 0.600515 0.826203 0.051546 0.053476
1 0.524485 0.076203 0.064433 0.066845
1 0.175258 0.461230 0.077320 0.088235
1 0.567010 0.405080 0.061856 0.061497
0 0.389175 0.584225 0.082474 0.072193
