0 0.186856 0.656417 0.048969 0.082888
0 0.271907 0.721925 0.079897 0.085561
1 0.340206 0.544118 0.072165 0.072193
1 0.454897 0.969251 0.059278 0.050802
1 0.548969 0.798128 0.061856 0.077540
0 0.608247 0.810160 0.056701 0.085561
1 0.586340 0.663102 0.054124 0.058824
0 0.625000 0.594920 0.069588 0.072193
0 0.621134 0.653743 0.061856 0.066845
0 0.639175 0.745989 0.051546 0.069519
0 0.675258 0.771390 0.046392 0.077540
0 0.715206 0.787433 0.074742 0.077540
1 0.462629 0.787433 0.059278 0.056150
1 0.523196 0.336898 0.067010 0.058824
0 0.574742 0.354278 0.072165 0.072193
0 0.443299 0.524064 0.087629 0.074866
1 0.604381 0.471925 0.059278 0.050802
1 0.586340 0.526738 0.048969 0.037433
1 0.622423 0.532086 0.043814 0.037433
1 0.757732 0.508021 0.056701 0.074866
1 0.509021 0.466578 0.054124 0.045455
0 0.344072 0.679144 0.079897 0.096257
0 0.363402 0.776738 0.061856 0.056150
0 0.336340 0.815508 0.079897 0.053476
1 0.262887 0.832888 0.077320 0.056150
1 0.262887 0.780749 0.056701 0.058824
1 0.206186 0.597594 0.056701 0.056150
1 0.216495 0.655080 0.051546 0.053476
1 0.514175 0.204545 0.069588 0.061497
1 0.385309 0.118984 0.074742 0.061497
0 0.711340 0.609626 0.067010 0.064171
1 0.613402 0.895722 0.051546 0.048128
1 0.559278 0.951872 0.051546 0.058824
1 0.623711 0.941176 0.046392 0.048128
1 0.672680 0.882353 0.041237 0.037433
1 0.666237 0.818182 0.043814 0.037433
1 0.675258 0.843583 0.030928 0.034759
0 0.724227 0.848930 0.067010 0.066845
