0 0.621134 0.582888 0.072165 0.101604
0 0.300258 0.582888 0.074742 0.106952
0 0.369845 0.735294 0.069588 0.096257
0 0.484536 0.756684 0.061856 0.064171
0 0.295103 0.699198 0.064433 0.109626
0 0.509021 0.360963 0.079897 0.074866
0 0.545103 0.415775 0.064433 0.056150
0 0.409794 0.322193 0.113402 0.077540
0 0.420103 0.501337 0.061856 0.050802
0 0.427835 0.534759 0.046392 0.048128
1 0.463918 0.180481 0.067010 0.050802
1 0.298969 0.207219 0.067010 0.061497
1 0.244845 0.165775 0.061856 0.048128
1 0.454897 0.120321 0.064433 0.053476
1 0.387887 0.030749 0.054124 0.050802
1 0.545103 0.038770 0.059278 0.056150
1 0.596649 0.074866 0.054124 0.048128
1 0.273196 0.429144 0.056701 0.050802
1 0.738402 0.573529 0.059278 0.061497
0 0.360825 0.585561 0.051546 0.090909
0 0.476804 0.668449 0.077320 0.080214
1 0.301546 0.367647 0.061856 0.066845
1 0.233247 0.255348 0.059278 0.056150
1 0.681701 0.429144 0.064433 0.077540
0 0.368557 0.910428 0.092784 0.098930
0 0.291237 0.889037 0.041237 0.045455
1 0.310567 0.824866 0.033505 0.045455
1 0.224227 0.771390 0.041237 0.056150
1 0.430412 0.905080 0.056701 0.066845
1 0.509021 0.902406 0.059278 0.056150
1 0.615979 0.815508 0.067010 0.058824
1 0.637887 0.762032 0.054124 0.053476
1 0.693299 0.767380 0.061856 0.053476
1 0.774485 0.760695 0.064433 0.061497
0 0.470361 0.608289 0.064433 0.045455
0 0.409794 0.616310 0.046392 0.077540
1 0.784794 0.537433 0.059278 0.053476
1 0.842784 0.574866 0.061856 0.053476
1 0.645619 0.094920 0.064433 0.056150
