1 0.161082 0.406417 0.043814 0.053476
1 0.693299 0.417112 0.087629 0.090909
1 0.621134 0.283422 0.077320 0.074866
1 0.234536 0.089572 0.077320 0.066845
1 0.179124 0.061497 0.069588 0.074866
1 0.402062 0.052139 0.082474 0.056150
0 0.369845 0.192513 0.064433 0.053476
0 0.469072 0.241979 0.056701 0.061497
0 0.503866 0.299465 0.074742 0.069519
0 0.262887 0.485294 0.046392 0.077540
0 0.282216 0.594920 0.054124 0.082888
0 0.318299 0.799465 0.059278 0.053476
0 0.372423 0.632353 0.064433 0.082888
0 0.471649 0.632353 0.056701 0.061497
0 0.474227 0.558824 0.051546 0.069519
1 0.233247 0.315508 0.059278 0.053476
1 0.173969 0.156417 0.074742 0.066845
1 0.287371 0.076203 0.059278 0.050802
0 0.327320 0.483957 0.051546 0.085561
0 0.592784 0.463904 0.067010 0.072193
0 0.393041 0.378342 0.069588 0.077540
0 0.390464 0.426471 0.048969 0.050802
0 0.449742 0.451872 0.054124 0.064171
0 0.421392 0.504011 0.048969 0.066845
1 0.521907 0.784759 0.074742 0.072193
1 0.449742 0.788770 0.064433 0.069519
0 0.378866 0.796791 0.051546 0.069519
1 0.395619 0.859626 0.038660 0.034759
1 0.347938 0.859626 0.061856 0.050802
1 0.363402 0.899733 0.077320 0.056150
1 0.528351 0.864973 0.087629 0.082888
1 0.567010 0.852941 0.046392 0.048128
0 0.644330 0.798128 0.087629 0.061497
1 0.626289 0.752674 0.046392 0.040107
1 0.720361 0.798128 0.085052 0.077540
1 0.612113 0.687166 0.064433 0.064171
1 0.627577 0.636364 0.059278 0.053476
1 0.680412 0.637701 0.061856 0.061497
1 0.764175 0.617647 0.064433 0.064171
0 0.454897 0.842246 0.069588 0.058824
1 0.304124 0.696524 0.067010 0.061497
1 0.317010 0.778075 0.036082 0.037433
1 0.259021 0.736631 0.038660 0.040107
1 0.217784 0.659091 0.048969 0.056150
1 0.284794 0.282086 0.069588 0.066845
