0 0.277062 0.542781 0.059278 0.096257
0 0.292526 0.649733 0.064433 0.106952
0 0.375000 0.689840 0.079897 0.112299
0 0.480670 0.700535 0.090206 0.096257
0 0.488402 0.627005 0.059278 0.082888
0 0.490979 0.304813 0.085052 0.074866
0 0.537371 0.358289 0.059278 0.064171
0 0.391753 0.258021 0.087629 0.061497
0 0.603093 0.516043 0.077320 0.080214
0 0.404639 0.455882 0.056701 0.061497
0 0.411082 0.479947 0.054124 0.050802
0 0.342784 0.534759 0.051546 0.096257
0 0.291237 0.831551 0.046392 0.048128
0 0.373711 0.862299 0.051546 0.077540
0 0.447165 0.914439 0.064433 0.058824
1 0.391753 0.925134 0.041237 0.053476
1 0.362113 0.930481 0.038660 0.042781
1 0.358247 0.970588 0.041237 0.042781
1 0.559278 0.935829 0.046392 0.048128
1 0.533505 0.955882 0.056701 0.050802
1 0.525773 0.870321 0.082474 0.077540
1 0.610825 0.831551 0.077320 0.069519
1 0.610825 0.767380 0.061856 0.064171
0 0.617268 0.870321 0.085052 0.066845
1 0.622423 0.704545 0.043814 0.050802
1 0.442010 0.866310 0.079897 0.074866
1 0.689433 0.717914 0.054124 0.061497
1 0.717784 0.504011 0.064433 0.082888
1 0.645619 0.343583 0.085052 0.082888
1 0.442010 0.106952 0.095361 0.080214
1 0.411082 0.033422 0.074742 0.061497
1 0.604381 0.028075 0.054124 0.050802
1 0.210052 0.102941 0.064433 0.056150
1 0.264175 0.122995 0.054124 0.064171
1 0.198454 0.201872 0.067010 0.066845
1 0.173969 0.465241 0.064433 0.074866
1 0.256443 0.363636 0.059278 0.064171
1 0.313144 0.328877 0.059278 0.058824
1 0.161082 0.636364 0.038660 0.042781
1 0.161082 0.580214 0.054124 0.058824
1 0.224227 0.707219 0.030928 0.029412
1 0.262887 0.791444 0.036082 0.042781
1 0.304124 0.747326 0.036082 0.040107
1 0.311856 0.834225 0.036082 0.032086
1 0.180412 0.728610 0.051546 0.072193
1 0.189433 0.680481 0.033505 0.045455
1 0.286082 0.925134 0.041237 0.042781
