0 0.475515 0.792781 0.064433 0.072193
0 0.576031 0.814171 0.074742 0.061497
0 0.369845 0.945187 0.059278 0.088235
0 0.627577 0.704545 0.054124 0.056150
0 0.659794 0.782086 0.082474 0.082888
0 0.414948 0.385027 0.097938 0.080214
0 0.309278 0.343583 0.092784 0.082888
0 0.207474 0.276738 0.064433 0.082888
0 0.356959 0.161765 0.115979 0.045455
0 0.510309 0.385027 0.087629 0.074866
0 0.576031 0.438503 0.074742 0.074866
0 0.699742 0.568182 0.090206 0.077540
0 0.570876 0.687166 0.043814 0.058824
0 0.534794 0.663102 0.038660 0.058824
0 0.493557 0.580214 0.043814 0.064171
0 0.514175 0.596257 0.038660 0.048128
0 0.536082 0.971925 0.036082 0.050802
1 0.395619 0.232620 0.090206 0.085561
1 0.291237 0.153743 0.077320 0.077540
1 0.666237 0.377005 0.074742 0.074866
1 0.228093 0.409091 0.069588 0.074866
1 0.269330 0.311497 0.043814 0.045455
1 0.326031 0.300802 0.069588 0.061497
1 0.219072 0.621658 0.067010 0.066845
1 0.175258 0.614973 0.061856 0.074866
1 0.173969 0.656417 0.033505 0.040107
1 0.240979 0.743316 0.069588 0.064171
1 0.123711 0.241979 0.051546 0.040107
1 0.162371 0.201872 0.067010 0.056150
1 0.793814 0.513369 0.061856 0.069519
1 0.336340 0.465241 0.064433 0.080214
1 0.317010 0.517380 0.061856 0.061497
1 0.365979 0.493316 0.067010 0.061497
1 0.307990 0.643048 0.069588 0.066845
1 0.302835 0.863636 0.064433 0.074866
1 0.297680 0.814171 0.038660 0.066845
1 0.438144 0.867647 0.056701 0.066845
1 0.444588 0.927807 0.038660 0.042781
1 0.502577 0.943850 0.067010 0.064171
1 0.527062 0.891711 0.038660 0.034759
1 0.570876 0.970588 0.054124 0.058824
0 0.625000 0.967914 0.074742 0.064171
1 0.688144 0.954545 0.046392 0.042781
1 0.805412 0.983957 0.048969 0.032086
0 0.747423 0.945187 0.082474 0.056150
0 0.846649 0.910428 0.090206 0.061497
1 0.822165 0.864973 0.061856 0.061497
1 0.798969 0.803476 0.056701 0.056150
1 0.788660 0.744652 0.072165 0.066845
0 0.565722 0.614973 0.054124 0.053476
0 0.425258 0.693850 0.041237 0.061497
1 0.338918 0.766043 0.059278 0.072193
0 0.350515 0.824866 0.036082 0.056150
1 0.101804 0.343583 0.064433 0.072193
