0 0.654639 0.427807 0.103093 0.090909
0 0.362113 0.560160 0.069588 0.050802
0 0.465206 0.423797 0.110825 0.061497
0 0.512887 0.711230 0.082474 0.085561
0 0.422680 0.648396 0.061856 0.056150
0 0.298969 0.453209 0.077320 0.056150
0 0.650773 0.756684 0.110825 0.128342
0 0.592784 0.945187 0.077320 0.098930
1 0.462629 0.382353 0.043814 0.037433
1 0.497423 0.497326 0.067010 0.074866
1 0.350515 0.502674 0.030928 0.037433
1 0.264175 0.565508 0.079897 0.072193
1 0.385309 0.526738 0.085052 0.064171
1 0.177835 0.455882 0.067010 0.072193
1 0.301546 0.725936 0.082474 0.072193
1 0.342784 0.721925 0.077320 0.085561
1 0.140464 0.762032 0.064433 0.080214
1 0.210052 0.826203 0.054124 0.064171
1 0.108247 0.886364 0.046392 0.056150
1 0.693299 0.925134 0.072165 0.085561
1 0.184278 0.954545 0.059278 0.064171
0 0.469072 0.949198 0.067010 0.085561
0 0.342784 0.933155 0.072165 0.117647
0 0.542526 0.775401 0.064433 0.053476
