1 0.661082 0.713904 0.069588 0.085561
1 0.648196 0.625668 0.069588 0.064171
0 0.835052 0.672460 0.087629 0.104278
1 0.779639 0.508021 0.074742 0.064171
1 0.770619 0.449198 0.056701 0.048128
1 0.711340 0.413102 0.072165 0.056150
0 0.658505 0.426471 0.085052 0.104278
0 0.554124 0.406417 0.097938 0.080214
0 0.494845 0.125668 0.113402 0.074866
1 0.681701 0.172460 0.054124 0.061497
0 0.738402 0.204545 0.085052 0.066845
1 0.698454 0.101604 0.051546 0.048128
0 0.579897 0.318182 0.072165 0.058824
0 0.363402 0.723262 0.077320 0.077540
1 0.476804 0.605615 0.046392 0.056150
0 0.509021 0.596257 0.064433 0.080214
1 0.418814 0.804813 0.085052 0.090909
1 0.412371 0.897059 0.056701 0.050802
0 0.476804 0.911765 0.077320 0.053476
1 0.529639 0.917112 0.079897 0.058824
1 0.426546 0.961230 0.054124 0.050802
1 0.475515 0.961230 0.048969 0.056150
1 0.617268 0.966578 0.059278 0.050802
1 0.786082 0.882353 0.051546 0.053476
1 0.695876 0.867647 0.051546 0.050802
1 0.615979 0.854278 0.067010 0.066845
0 0.648196 0.870321 0.059278 0.040107
0 0.694588 0.807487 0.079897 0.080214
1 0.720361 0.816845 0.038660 0.045455
1 0.716495 0.721925 0.036082 0.053476
1 0.746134 0.733957 0.043814 0.050802
1 0.777062 0.727273 0.043814 0.053476
1 0.560567 0.447861 0.069588 0.061497
0 0.378866 0.207219 0.097938 0.072193
0 0.631443 0.207219 0.103093 0.066845
1 0.552835 0.106952 0.074742 0.058824
0 0.460052 0.454545 0.085052 0.080214
0 0.646907 0.570856 0.061856 0.072193
0 0.719072 0.568182 0.067010 0.082888
1 0.279639 0.534759 0.054124 0.074866
1 0.310567 0.482620 0.064433 0.061497
0 0.516753 0.504011 0.085052 0.072193
