0 0.375000 0.665775 0.110825 0.101604
0 0.502577 0.561497 0.067010 0.096257
1 0.672680 0.681818 0.056701 0.074866
1 0.719072 0.693850 0.051546 0.072193
1 0.752577 0.708556 0.046392 0.058824
1 0.780928 0.708556 0.056701 0.064171
0 0.688144 0.760695 0.061856 0.066845
1 0.612113 0.814171 0.074742 0.066845
0 0.467784 0.859626 0.074742 0.066845
1 0.411082 0.847594 0.064433 0.064171
1 0.407216 0.766043 0.061856 0.077540
1 0.417526 0.910428 0.056701 0.056150
1 0.470361 0.910428 0.048969 0.072193
1 0.518041 0.875668 0.056701 0.056150
1 0.608247 0.922460 0.061856 0.058824
1 0.516753 0.943850 0.054124 0.053476
1 0.686856 0.826203 0.059278 0.058824
1 0.759021 0.799465 0.054124 0.048128
0 0.731959 0.542781 0.072165 0.085561
1 0.576031 0.421123 0.085052 0.072193
0 0.564433 0.370321 0.092784 0.072193
0 0.657216 0.374332 0.067010 0.074866
1 0.734536 0.397059 0.067010 0.066845
1 0.784794 0.425134 0.054124 0.058824
1 0.789948 0.483957 0.069588 0.064171
0 0.585052 0.276738 0.072165 0.061497
0 0.650773 0.173797 0.074742 0.058824
0 0.734536 0.168449 0.061856 0.064171
0 0.784794 0.212567 0.059278 0.066845
1 0.280928 0.326203 0.056701 0.058824
1 0.480670 0.557487 0.043814 0.045455
0 0.529639 0.458556 0.079897 0.072193
1 0.646907 0.592246 0.046392 0.050802
0 0.650773 0.532086 0.064433 0.064171
0 0.404639 0.163102 0.092784 0.074866
0 0.516753 0.086898 0.079897 0.061497
1 0.590206 0.078877 0.067010 0.050802
1 0.725515 0.070856 0.064433 0.061497
1 0.296392 0.473262 0.046392 0.042781
1 0.315722 0.438503 0.054124 0.048128
1 0.402062 0.030749 0.067010 0.056150
