0 0.625000 0.258021 0.100515 0.114973
0 0.664948 0.498663 0.077320 0.114973
1 0.194588 0.629679 0.059278 0.066845
1 0.250000 0.667112 0.056701 0.066845
1 0.257732 0.708556 0.067010 0.053476
1 0.295103 0.652406 0.054124 0.053476
1 0.353093 0.733957 0.082474 0.082888
1 0.336340 0.794118 0.079897 0.058824
0 0.213918 0.729947 0.082474 0.080214
0 0.324742 0.835561 0.077320 0.072193
1 0.541237 0.766043 0.077320 0.072193
1 0.224227 0.576203 0.061856 0.066845
1 0.262887 0.501337 0.077320 0.066845
0 0.286082 0.401070 0.087629 0.080214
1 0.472938 0.707219 0.054124 0.050802
1 0.576031 0.596257 0.043814 0.053476
1 0.592784 0.621658 0.041237 0.050802
1 0.622423 0.648396 0.059278 0.061497
0 0.701031 0.632353 0.061856 0.104278
1 0.744845 0.474599 0.051546 0.061497
1 0.778351 0.415775 0.061856 0.072193
1 0.748711 0.351604 0.059278 0.056150
0 0.703608 0.314171 0.067010 0.082888
1 0.844072 0.453209 0.054124 0.061497
0 0.695876 0.189840 0.067010 0.074866
1 0.430412 0.374332 0.077320 0.080214
1 0.510309 0.245989 0.061856 0.058824
0 0.890464 0.188503 0.064433 0.072193
0 0.896907 0.240642 0.056701 0.064171
1 0.801546 0.140374 0.056701 0.077540
1 0.863402 0.145722 0.067010 0.066845
1 0.811856 0.028075 0.046392 0.050802
1 0.565722 0.486631 0.048969 0.058824
0 0.601804 0.418449 0.059278 0.066845
1 0.546392 0.561497 0.046392 0.058824
1 0.407216 0.643048 0.046392 0.050802
0 0.500000 0.655080 0.051546 0.064171
1 0.527062 0.676471 0.043814 0.048128
1 0.548969 0.719251 0.046392 0.048128
1 0.603093 0.759358 0.061856 0.053476
0 0.542526 0.326203 0.085052 0.101604
