0 0.778351 0.590909 0.082474 0.090909
0 0.641753 0.732620 0.061856 0.090909
0 0.617268 0.652406 0.085052 0.096257
0 0.313144 0.664439 0.090206 0.104278
0 0.588918 0.368984 0.090206 0.090909
1 0.645619 0.362299 0.059278 0.050802
1 0.407216 0.572193 0.056701 0.069519
0 0.444588 0.572193 0.064433 0.122995
1 0.351804 0.775401 0.064433 0.069519
1 0.368557 0.852941 0.061856 0.053476
1 0.380155 0.907754 0.054124 0.056150
1 0.427835 0.902406 0.067010 0.077540
1 0.474227 0.870321 0.061856 0.050802
1 0.577320 0.902406 0.061856 0.056150
1 0.557990 0.803476 0.059278 0.066845
1 0.686856 0.664439 0.048969 0.056150
1 0.720361 0.763369 0.074742 0.061497
1 0.671392 0.750000 0.043814 0.045455
1 0.728093 0.663102 0.054124 0.058824
1 0.594072 0.838235 0.069588 0.061497
1 0.722938 0.454545 0.069588 0.058824
1 0.789948 0.381016 0.085052 0.104278
1 0.244845 0.422460 0.072165 0.064171
1 0.216495 0.479947 0.067010 0.061497
0 0.641753 0.034759 0.128866 0.064171
1 0.710052 0.377005 0.064433 0.069519
0 0.432990 0.054813 0.097938 0.077540
