1 0.423969 0.810160 0.059278 0.058824
1 0.478093 0.799465 0.048969 0.053476
1 0.377577 0.856952 0.074742 0.066845
1 0.465206 0.929144 0.074742 0.082888
0 0.496134 0.877005 0.095361 0.074866
1 0.613402 0.867647 0.067010 0.066845
1 0.516753 0.827540 0.064433 0.066845
1 0.617268 0.806150 0.069588 0.072193
0 0.635309 0.909091 0.074742 0.069519
1 0.519330 0.770053 0.054124 0.058824
1 0.657216 0.737968 0.056701 0.064171
1 0.418814 0.750000 0.069588 0.061497
1 0.407216 0.661765 0.077320 0.088235
0 0.369845 0.572193 0.110825 0.101604
1 0.708763 0.556150 0.046392 0.064171
1 0.773196 0.717914 0.067010 0.066845
0 0.677835 0.639037 0.056701 0.064171
1 0.715206 0.651070 0.038660 0.045455
1 0.756443 0.664439 0.064433 0.050802
1 0.737113 0.564171 0.036082 0.048128
1 0.770619 0.576203 0.056701 0.056150
0 0.492268 0.455882 0.067010 0.125668
0 0.626289 0.250000 0.082474 0.077540
1 0.695876 0.254011 0.051546 0.058824
1 0.757732 0.276738 0.072165 0.056150
1 0.770619 0.344920 0.067010 0.053476
0 0.829897 0.513369 0.077320 0.080214
0 0.712629 0.414439 0.085052 0.090909
0 0.525773 0.250000 0.092784 0.066845
1 0.438144 0.314171 0.056701 0.061497
0 0.543814 0.152406 0.087629 0.064171
0 0.608247 0.040107 0.087629 0.064171
0 0.693299 0.034759 0.072165 0.053476
1 0.355670 0.049465 0.046392 0.045455
1 0.260309 0.215241 0.067010 0.056150
1 0.274485 0.367647 0.043814 0.045455
1 0.291237 0.320856 0.041237 0.048128
1 0.457474 0.457219 0.085052 0.074866
1 0.632732 0.458556 0.069588 0.066845
0 0.630155 0.407754 0.069588 0.098930
1 0.653351 0.548128 0.074742 0.080214
