0 0.617268 0.530749 0.095361 0.125668
0 0.590206 0.602941 0.077320 0.066845
0 0.632732 0.687166 0.100515 0.074866
0 0.630155 0.368984 0.064433 0.117647
0 0.725515 0.176471 0.074742 0.074866
0 0.731959 0.287433 0.056701 0.072193
0 0.728093 0.887701 0.069588 0.069519
0 0.395619 0.835561 0.059278 0.077540
0 0.472938 0.458556 0.095361 0.077540
1 0.448454 0.665775 0.061856 0.069519
1 0.354381 0.534759 0.074742 0.074866
1 0.619845 0.826203 0.033505 0.032086
1 0.679124 0.864973 0.074742 0.072193
0 0.637887 0.871658 0.059278 0.069519
1 0.556701 0.911765 0.061856 0.058824
1 0.503866 0.883690 0.054124 0.045455
1 0.391753 0.938503 0.056701 0.053476
1 0.344072 0.921123 0.059278 0.066845
1 0.411082 0.893048 0.033505 0.037433
0 0.332474 0.716578 0.051546 0.080214
1 0.408505 0.306150 0.069588 0.072193
1 0.809278 0.564171 0.072165 0.058824
1 0.819588 0.832888 0.067010 0.061497
1 0.842784 0.776738 0.072165 0.072193
1 0.777062 0.854278 0.064433 0.061497
1 0.448454 0.211230 0.077320 0.074866
1 0.490979 0.546791 0.069588 0.066845
1 0.484536 0.739305 0.056701 0.061497
0 0.444588 0.748663 0.054124 0.069519
1 0.466495 0.401070 0.056701 0.064171
1 0.434278 0.346257 0.074742 0.066845
1 0.382732 0.374332 0.048969 0.053476
1 0.458763 0.893048 0.051546 0.064171
0 0.547680 0.747326 0.095361 0.104278
0 0.646907 0.199198 0.082474 0.098930
1 0.653351 0.937166 0.069588 0.066845
1 0.833763 0.962567 0.085052 0.074866
1 0.742268 0.779412 0.092784 0.072193
1 0.521907 0.974599 0.095361 0.050802
