0 0.563144 0.505348 0.079897 0.080214
0 0.420103 0.577540 0.072165 0.048128
0 0.528351 0.723262 0.046392 0.077540
0 0.542526 0.660428 0.074742 0.112299
0 0.561856 0.804813 0.056701 0.064171
0 0.375000 0.868984 0.069588 0.080214
1 0.421392 0.679144 0.064433 0.064171
1 0.328608 0.422460 0.064433 0.064171
1 0.390464 0.524064 0.085052 0.074866
1 0.738402 0.665775 0.079897 0.064171
1 0.375000 0.779412 0.064433 0.061497
1 0.289948 0.653743 0.085052 0.082888
1 0.421392 0.770053 0.054124 0.074866
1 0.569588 0.957219 0.077320 0.069519
1 0.331186 0.965241 0.064433 0.058824
1 0.724227 0.970588 0.077320 0.058824
1 0.755155 0.950535 0.051546 0.050802
1 0.655928 0.887701 0.069588 0.080214
1 0.711340 0.891711 0.067010 0.072193
1 0.588918 0.451872 0.064433 0.069519
1 0.690722 0.668449 0.046392 0.048128
1 0.702320 0.708556 0.059278 0.064171
0 0.469072 0.870321 0.077320 0.072193
1 0.368557 0.322193 0.092784 0.077540
1 0.563144 0.299465 0.069588 0.064171
0 0.635309 0.271390 0.090206 0.088235
1 0.414948 0.874332 0.051546 0.069519
