0 0.563144 0.617647 0.069588 0.074866
0 0.541237 0.552139 0.072165 0.066845
0 0.559278 0.498663 0.077320 0.088235
0 0.420103 0.401070 0.097938 0.064171
0 0.382732 0.695187 0.054124 0.069519
0 0.664948 0.832888 0.077320 0.056150
0 0.567010 0.323529 0.051546 0.090909
1 0.336340 0.258021 0.079897 0.082888
1 0.376289 0.163102 0.108247 0.096257
1 0.587629 0.148396 0.072165 0.072193
0 0.657216 0.117647 0.092784 0.074866
0 0.654639 0.224599 0.077320 0.085561
0 0.269330 0.660428 0.043814 0.080214
1 0.320876 0.867647 0.059278 0.050802
1 0.289948 0.867647 0.064433 0.077540
1 0.347938 0.842246 0.036082 0.037433
1 0.429124 0.840909 0.033505 0.040107
1 0.396907 0.840909 0.061856 0.045455
1 0.483247 0.852941 0.054124 0.064171
1 0.600515 0.885027 0.030928 0.048128
0 0.568299 0.811497 0.095361 0.093583
0 0.472938 0.695187 0.048969 0.069519
1 0.759021 0.786096 0.059278 0.064171
1 0.715206 0.798128 0.048969 0.050802
1 0.786082 0.732620 0.061856 0.064171
1 0.421392 0.493316 0.064433 0.061497
1 0.295103 0.463904 0.085052 0.077540
0 0.329897 0.770053 0.056701 0.096257
1 0.400773 0.344920 0.095361 0.080214
0 0.210052 0.458556 0.059278 0.093583
1 0.613402 0.299465 0.077320 0.074866
1 0.746134 0.525401 0.074742 0.061497
1 0.384021 0.617647 0.061856 0.058824
1 0.421392 0.688503 0.043814 0.045455
1 0.430412 0.606952 0.061856 0.064171
1 0.762887 0.905080 0.087629 0.088235
1 0.458763 0.935829 0.051546 0.048128
1 0.585052 0.918449 0.077320 0.066845
1 0.677835 0.728610 0.077320 0.061497
0 0.432990 0.867647 0.056701 0.061497
1 0.539948 0.971925 0.085052 0.056150
1 0.555412 0.767380 0.085052 0.058824
1 0.622423 0.815508 0.074742 0.064171
