0 0.590206 0.592246 0.092784 0.104278
0 0.536082 0.489305 0.082474 0.106952
0 0.384021 0.798128 0.067010 0.072193
0 0.355670 0.733957 0.061856 0.072193
0 0.439433 0.359626 0.064433 0.061497
0 0.231959 0.418449 0.067010 0.093583
0 0.708763 0.792781 0.092784 0.066845
0 0.403351 0.655080 0.054124 0.058824
0 0.292526 0.616310 0.043814 0.077540
1 0.354381 0.211230 0.079897 0.064171
1 0.248711 0.588235 0.059278 0.064171
1 0.300258 0.483957 0.033505 0.037433
1 0.442010 0.462567 0.059278 0.069519
1 0.420103 0.498663 0.056701 0.056150
0 0.578608 0.286096 0.069588 0.069519
0 0.596649 0.776738 0.048969 0.061497
1 0.304124 0.423797 0.067010 0.061497
1 0.376289 0.441176 0.051546 0.069519
1 0.371134 0.509358 0.046392 0.066845
1 0.546392 0.168449 0.061856 0.074866
1 0.609536 0.241979 0.069588 0.056150
1 0.592784 0.207219 0.030928 0.050802
1 0.387887 0.102941 0.064433 0.066845
1 0.771907 0.457219 0.059278 0.069519
1 0.476804 0.635027 0.067010 0.072193
1 0.587629 0.728610 0.077320 0.077540
1 0.641753 0.760695 0.067010 0.072193
1 0.510309 0.815508 0.056701 0.048128
1 0.613402 0.830214 0.067010 0.066845
1 0.253866 0.824866 0.054124 0.056150
1 0.315722 0.824866 0.059278 0.066845
1 0.351804 0.832888 0.059278 0.066845
1 0.502577 0.895722 0.030928 0.042781
1 0.574742 0.935829 0.051546 0.053476
1 0.454897 0.787433 0.048969 0.056150
1 0.418814 0.807487 0.038660 0.042781
0 0.463918 0.831551 0.051546 0.053476
1 0.742268 0.745989 0.072165 0.058824
1 0.793814 0.739305 0.051546 0.056150
1 0.621134 0.885027 0.061856 0.058824
1 0.398196 0.569519 0.033505 0.042781
1 0.310567 0.528075 0.043814 0.066845
