0 0.400773 0.514706 0.079897 0.114973
0 0.340206 0.427807 0.072165 0.085561
0 0.458763 0.727273 0.051546 0.085561
0 0.518041 0.831551 0.051546 0.064171
0 0.557990 0.906417 0.059278 0.058824
0 0.569588 0.756684 0.051546 0.074866
0 0.742268 0.679144 0.072165 0.085561
0 0.707474 0.588235 0.064433 0.096257
0 0.596649 0.455882 0.064433 0.050802
0 0.724227 0.363636 0.067010 0.090909
0 0.860825 0.886364 0.061856 0.050802
0 0.740979 0.553476 0.074742 0.085561
1 0.505155 0.304813 0.082474 0.069519
1 0.363402 0.231283 0.067010 0.088235
1 0.509021 0.207219 0.074742 0.077540
0 0.734536 0.184492 0.067010 0.069519
0 0.802835 0.243316 0.054124 0.064171
1 0.349227 0.709893 0.059278 0.061497
1 0.318299 0.766043 0.059278 0.066845
1 0.337629 0.848930 0.056701 0.066845
1 0.375000 0.883690 0.048969 0.056150
1 0.423969 0.935829 0.038660 0.042781
1 0.739691 0.822193 0.072165 0.077540
1 0.802835 0.868984 0.043814 0.058824
1 0.668814 0.913102 0.064433 0.061497
1 0.613402 0.899733 0.036082 0.050802
1 0.518041 0.939840 0.041237 0.045455
1 0.480670 0.929144 0.064433 0.061497
1 0.463918 0.528075 0.061856 0.050802
1 0.301546 0.625668 0.092784 0.085561
1 0.614691 0.560160 0.054124 0.056150
1 0.662371 0.750000 0.056701 0.066845
1 0.570876 0.680481 0.059278 0.056150
1 0.612113 0.751337 0.048969 0.058824
0 0.564433 0.399733 0.067010 0.061497
1 0.761598 0.326203 0.085052 0.069519
1 0.853093 0.775401 0.030928 0.042781
1 0.407216 0.679144 0.030928 0.037433
1 0.408505 0.653743 0.028351 0.034759
1 0.409794 0.627005 0.030928 0.029412
1 0.271907 0.533422 0.038660 0.061497
1 0.271907 0.483957 0.043814 0.064171
1 0.284794 0.327540 0.064433 0.061497
1 0.251289 0.397059 0.054124 0.050802
1 0.887887 0.780749 0.048969 0.053476
